end	14
1	0.2451011
2	0.1734965
3	0.1031423
4	0.04295677
5	0.04279418
6	0.00612214
7	0.005981846
8	0.002288172
9	0.002133483
10	0.002132996
11	0.001831105
12	0.0005067891
13	4.021009e-05
14	3.624377e-05
15	9.025328000000001e-05
16	0.0001003906
17	1.074538e-05
18	7.485193000000001e-06
19	4.8028969999999995e-06
20	1.154228e-05
21	1.6534679999999998e-05
22	1.943992e-05
23	4.673377e-07
24	4.814539e-07
25	8.246406e-07
26	3.46796e-06
27	2.00418e-06
28	3.870396e-06
29	8.154156e-06
30	2.416442e-05
31	9.505733e-05
32	0.00886732
33	0.008636195
34	0.0002936486
35	0.0003173091
36	0.0003689818
37	0.0026359120000000002
38	0.009253561
39	0.011485200000000001
40	0.01420407
41	0.02378576
42	9.794679e-05
43	5.110865e-06
44	5.063857e-06
45	4.645637e-06
46	5.998060000000001e-06
47	8.004827e-06
48	4.648968e-05
49	8.590440999999998e-05
50	0.00014627620000000002
51	1.768203e-06
52	1.022588e-07
53	1.1227349999999999e-07
54	4.452670999999999e-07
55	0.0006613601
56	0.0006462372
57	0.0006316961
58	1.131194e-06
59	5.351481e-07
60	5.703714e-07
61	3.410452e-07
62	7.636831999999999e-07
63	7.01529e-07
64	8.716349000000001e-08
65	6.278549e-07
66	9.885488000000001e-06
67	2.011731e-05
68	2.960263e-05
69	0.00010736
70	0.0002059998
71	0.000559975
72	0.002257945
73	0.005980017
74	0.01229443
75	0.008753811
76	0.01198717
77	0.00045907099999999997
78	0.0005674468
79	0.0006663286
80	0.0011307560000000001
81	0.002595945
82	0.002477984
83	0.0007093297
84	0.0005956986
85	0.0005577498
86	0.0005136464
87	0.00046662160000000006
88	0.0004257614
89	0.0003399928
90	0.0002738672
91	0.00023936959999999998
92	0.00020743919999999998
93	0.00509635
94	0.003710727
95	0.002325297
96	0.0018730779999999998
97	0.0002187282
98	0.0001455044
99	0.00013473950000000002
100	5.795183000000001e-05
101	3.430486e-05
102	1.97582e-05
103	1.948105e-05
104	2.361447e-05
105	2.554795e-05
106	2.532408e-05
107	9.91094e-06
108	7.947212e-06
109	9.352014e-06
110	5.339525e-05
111	0.0002582436
112	0.0005633012000000001
113	0.0008279927000000001
114	0.00350918
115	0.006912107
116	0.01052597
117	0.01601382
118	0.04685491
119	0.0491089
120	0.05756704
121	0.06763374
122	0.10788299999999999
123	0.1598818
124	0.17445439999999998
125	0.2308527
126	0.41120619999999997
127	0.42723809999999995
128	0.653718
129	0.6139584
130	0.6219091
131	0.33662729999999996
132	0.2703442
133	0.1260851
134	0.1053769
135	0.06633093
136	0.04932251
137	0.04389643
138	0.04105136
139	0.03538208
140	0.02967594
141	0.02348037
142	0.01760097
143	0.01220001
144	0.006868541
145	0.002394382
146	0.00015062770000000001
147	0.0001311584
148	0.000119454
149	0.00036209230000000005
150	0.001570676
151	0.1715659
152	0.0007366603999999999
153	0.0001071838
154	8.811953000000001e-05
155	0.001570813
156	0.00156283
157	3.240477e-05
158	3.481282e-05
159	9.585007e-06
160	5.332554e-06
161	7.313285e-07
162	4.598097e-07
163	7.227413e-07
164	8.400957e-07
165	1.4460230000000002e-06
166	6.029063e-06
167	4.283664e-06
168	4.552427e-07
169	8.194752e-07
170	1.2267560000000001e-06
171	1.473005e-06
172	1.759599e-06
173	2.543115e-06
174	2.563844e-05
175	0.0001373267
176	0.0001140474
177	0.0001385173
178	0.00018127330000000002
179	0.0002276929
180	0.000300875
181	0.0001123885
182	0.00047902970000000003
183	0.02935268
184	0.02377456
185	0.02193979
186	0.01880187
187	0.01583013
188	0.01387995
189	0.01066137
190	0.01153369
191	0.0061459209999999995
192	0.003082443
193	0.0008194251
194	0.00046541050000000004
195	0.0002071725
196	0.0002669034
197	0.0003823309
198	0.0004670881
199	0.0005854958000000001
200	0.0007003158
201	0.0008309896000000001
202	0.0008810437
203	0.0009873872
204	0.0008597571000000001
205	0.00133611
206	0.001962528
207	0.01139253
208	0.01454385
209	0.01276127
210	0.01073971
211	0.01703887
212	0.01980524
213	0.03232533
214	0.04324648
215	0.04099822
216	0.03794914
217	0.03088731
218	0.02546409
219	0.007510485
220	0.004728963
221	0.004304566
222	0.003942854
223	0.00349554
224	0.0032358000000000005
225	0.003045655
226	0.002852298
227	0.003041575
228	0.002693155
229	0.0015252579999999998
230	0.0005968473000000001
231	0.00012755360000000002
232	4.666907e-05
233	0.0005012419999999999
234	0.001641251
235	0.003630821
236	0.0021029829999999997
237	0.0014790889999999998
238	0.001930962
239	0.0005680897
240	0.0006738383000000001
241	0.0008295527
242	0.001069705
243	0.001356455
244	0.001681969
245	0.002056431
246	0.002924919
247	0.004710787
248	0.00042228769999999994
249	0.00015778639999999998
250	1.3521729999999998e-05
251	3.570457e-05
252	4.350945e-05
253	0.00011577299999999999
254	0.0004586445
255	0.0004888778
256	3.635847e-05
257	3.0204179999999996e-05
258	9.555152e-06
259	8.047831e-06
260	2.050491e-05
261	1.1134260000000002e-05
262	5.474366999999999e-06
263	1.289952e-05
264	0.0001467303
265	0.0003856257
266	0.009069989
267	0.01036177
268	0.008210351
269	0.0063544940000000005
270	0.006275934
271	0.004386049
272	0.0019360010000000001
273	0.0008043461999999999
274	0.00017924650000000002
275	0.0002647688
276	8.748482e-05
277	0.0001260756
278	0.0001852511
279	0.00022761409999999999
280	0.0002489013
281	0.00028654470000000003
282	0.00031056380000000003
283	0.0003019362
284	0.00033115769999999997
285	0.0001932114
286	2.000448e-05
287	3.1908920000000003e-05
288	2.533265e-05
289	2.678083e-05
290	0.00021482549999999998
291	0.0004070981
292	0.0007400678
293	0.0005426101
294	0.030091500000000004
295	0.02551632
296	0.02407412
297	0.02269729
298	0.01986183
299	0.01720924
300	0.02535858
301	0.02170339
302	0.02019423
303	0.02165395
304	0.02207781
305	0.02463874
306	0.02202408
307	0.01927759
308	0.02561153
309	0.03324171
310	0.02855474
311	0.01143866
312	0.008419094
313	0.01328035
314	0.01326427
315	0.003725897
316	0.003217215
317	0.00446471
318	0.005305924
319	0.0072527780000000005
320	0.0004053603
321	0.0004740265
322	0.0005420174
323	0.00048112830000000004
324	0.0005189172
325	5.2951099999999995e-05
326	3.556735e-06
327	3.6036770000000003e-06
328	4.756127e-06
329	6.0644730000000004e-06
330	7.171124e-06
331	7.937421e-06
332	1.725137e-06
333	9.089829e-05
334	0.006477139
335	0.005099535
336	0.003846993
337	0.0007538136999999999
338	1.567411e-05
339	1.832775e-05
340	3.320719e-05
341	5.2955130000000006e-05
342	4.932859000000001e-05
343	3.246522e-05
344	3.366622e-05
345	3.506749e-05
346	0.0001646289
347	0.0006898300999999999
348	0.0008784193
349	0.001112748
350	0.0013562320000000002
351	0.02420106
352	0.02730762
353	0.01288325
354	0.0411163
355	0.006584446
356	0.005045676
357	0.004344339
358	0.0036643220000000002
359	0.005052561
360	0.004418836
361	0.0004873884
362	0.0006890283
363	0.0006648717999999999
364	0.0007321954
365	0.0008696110000000001
366	0.001330588
367	0.00117149
368	0.000287122
369	0.0003978792
370	0.00048464559999999995
371	0.0004166008
372	0.0006734925999999999
373	0.00120845
374	0.001344505
375	0.0076013109999999995
376	0.009513234
377	0.01513175
378	0.01452011
379	0.01741427
380	0.01193655
381	0.002341517
382	0.001954805
383	0.002345867
384	0.0003645821
385	7.954651e-05
386	0.0001263433
387	8.806930000000001e-05
388	8.452764000000002e-05
389	8.308585999999999e-05
390	8.448812e-05
391	8.539094999999999e-05
392	0.0001014316
393	4.751981e-05
394	3.407138e-05
395	5.3055950000000005e-05
396	4.988278e-05
397	2.8521030000000002e-05
398	0.0006653083
399	0.00024936099999999997
400	0.0001914064
401	0.0002181836
402	0.00018721310000000002
403	0.00012727190000000002
404	0.00011726549999999999
405	0.0001146244
406	8.801631e-05
407	1.310178e-05
408	9.948818999999999e-06
409	1.16852e-06
410	1.796414e-06
411	3.991604e-06
412	4.0416669999999995e-06
413	1.139757e-05
414	2.145342e-05
415	0.00045414440000000005
416	0.0001324858
417	0.0001767386
418	0.00019478419999999997
419	2.197975e-05
420	2.275638e-05
421	2.517835e-05
422	6.729521e-06
423	3.484858e-06
424	5.042657e-06
425	2.589783e-05
426	2.469232e-05
427	1.2770839999999997e-05
428	1.719707e-05
429	7.409791e-06
430	8.594529e-07
431	1.206607e-06
432	7.966438000000001e-07
433	2.092492e-06
434	2.010912e-06
435	8.672158000000001e-07
436	4.0207209999999994e-07
437	1.420623e-07
438	4.979876e-07
439	6.903942e-06
440	6.997309e-07
441	3.7021099999999995e-07
442	8.486786999999999e-07
443	1.074129e-05
444	3.3503740000000005e-05
445	1.024489e-05
446	2.542551e-05
447	3.0475079999999998e-05
448	3.754732e-05
449	0.0001380776
450	0.0002870454
451	0.0007469663
452	0.000973475
453	0.001308623
454	0.0023728
455	0.002891714
456	0.01036126
457	0.01114197
458	0.01258325
459	0.01965567
460	0.1004395
461	0.1665642
462	0.1661995
463	0.161206
464	0.07749919999999999
465	0.02436411
466	0.01779075
467	0.02093557
468	0.0013686979999999998
469	0.0005504497
470	0.00038774940000000003
471	0.0003441379
472	0.0001758873
473	9.106525e-05
474	8.349048000000001e-05
475	9.287044e-05
476	6.565075e-05
477	4.42513e-05
478	4.004847e-05
479	4.332902e-05
480	9.263754000000001e-05
481	9.123081e-05
482	0.00017077080000000002
483	0.00032116400000000003
484	0.0007677074000000001
485	0.0007227306
486	0.001522381
487	0.01029166
488	0.02298663
489	0.04036698
490	0.05113762
491	0.06656951
492	0.07999073
493	0.08978256
494	0.06371147
495	0.11273339999999998
496	0.008122962
497	0.01031782
498	0.01532519
499	0.0184692
500	0.07063966
501	0.07011934
502	0.06790173
503	0.08453131
504	0.1420029
505	0.120466
506	0.11191689999999999
507	0.10398419999999998
508	0.09612515
509	0.09656179
510	0.03651879
511	0.02484135
512	0.01907377
513	0.49642479999999994
514	0.008807897
515	0.005206543
516	0.002572021
517	0.0012061139999999999
518	0.0007156527
519	0.0001569223
520	1.88531e-05
521	1.591035e-05
522	1.2934110000000001e-05
523	8.956193e-06
524	2.785435e-06
525	2.793956e-06
526	2.9178530000000002e-06
527	1.700488e-05
528	3.458004e-05
529	4.224432e-05
530	5.671241999999999e-05
531	0.0002316227
532	0.001401991
533	0.0069647730000000005
534	0.01120602
535	0.004812972
536	0.00074271
537	5.6551509999999996e-05
538	9.309104e-05
539	0.0001393526
540	0.0007345441
541	0.005552557
542	0.04416184
543	0.04438386
544	0.04443978
545	0.005450318000000001
546	0.0004227039
547	1.037492e-05
548	7.388971000000001e-06
549	1.131503e-05
550	1.735527e-05
551	7.016727e-05
552	4.004597e-05
553	4.939138e-05
554	6.002951e-05
555	6.926551999999999e-05
556	7.775705e-05
557	0.0001716506
558	9.553308000000001e-05
559	2.759192e-05
560	0.00045885260000000003
561	0.007823364000000001
562	0.009594817
563	0.007119851
564	0.008593787
565	0.009894569
566	0.02663745
567	0.02274978
568	0.021018400000000003
569	0.01667407
570	0.003511351
571	0.001955425
572	0.001184342
573	0.0009269234
574	0.0009964502000000001
575	0.001142112
576	0.0009677375
577	0.001159614
578	0.003530448
579	0.0036806240000000004
580	0.003809072
581	0.0002021508
582	1.122527e-05
583	1.43679e-05
584	6.34757e-06
585	4.1721319999999994e-06
586	2.193478e-05
587	1.4033729999999998e-05
588	1.147149e-05
589	1.1124610000000001e-05
590	1.06854e-05
591	4.648638e-05
592	0.0003921482
593	6.372813e-05
594	4.379688e-05
595	6.952296999999999e-05
596	0.0010007430000000001
597	0.01443902
598	0.003893443
599	0.0002762386
600	0.00010337200000000001
601	0.0001187034
602	0.0001206533
603	0.0001192905
604	0.0001271047
605	0.0004381655
606	0.0003353064
607	3.668425e-05
608	0.000379324
609	0.0006099922
610	0.0005908647
611	0.0006610950999999999
612	0.001384403
613	0.002596524
614	0.002517599
615	0.004149788
616	0.001245566
617	0.0008721272000000001
618	0.0006386238
619	0.0006267283999999999
620	0.0020742620000000003
621	0.001682272
622	0.00109426
623	0.0008670825999999999
624	0.0002351194
625	4.39291e-06
626	4.2344279999999996e-06
627	2.852573e-05
628	3.636875e-05
629	1.46487e-05
630	2.160484e-05
631	2.7057870000000002e-05
632	2.5683320000000003e-05
633	2.2394789999999997e-05
634	2.676884e-05
635	2.539855e-05
636	2.7964829999999996e-05
637	3.356621e-05
638	6.0280080000000004e-05
639	0.00282053
640	0.005176964
641	0.03452065
642	0.07508098
643	0.08166529
644	0.02081767
645	0.01751764
646	0.02076699
647	0.02615952
648	0.05423778
649	0.15457939999999998
650	0.1698076
651	0.17603729999999998
652	0.1905323
653	0.19318670000000002
654	0.1960963
655	0.19834000000000002
656	0.2018558
657	0.2058482
658	0.04863814
659	0.0354163
660	0.01435176
661	0.002527823
662	0.0001632182
663	9.169032e-05
664	4.457923e-05
665	1.703011e-05
666	3.253043e-06
667	1.6365909999999999e-06
668	1.28964e-06
669	1.2159470000000001e-06
670	1.196035e-06
671	1.179213e-06
672	1.160261e-06
673	1.143269e-06
674	1.175658e-06
675	1.8487029999999998e-06
676	3.17506e-05
677	1.7304849999999997e-05
678	0.00041786879999999995
679	0.0002143684
680	0.00016187209999999998
681	0.003546889
682	0.007619545
683	0.01143693
684	0.01513039
685	0.01861657
686	0.0005946184999999999
687	0.0005844731
688	0.0001605637
689	0.0001734876
690	0.00020808650000000002
691	8.618548000000001e-05
692	0.000131014
693	0.00014490059999999999
694	0.00018147060000000002
695	0.0002066302
696	0.0005139083
697	0.0006378739
698	0.002083114
699	0.02914734
700	0.001926905
701	0.0004484061
702	0.001252433
703	0.00191327
704	0.002603382
705	0.02119733
706	0.01785178
707	0.01618598
708	0.01281792
709	0.005862165
710	0.0007845246000000001
711	0.0004999912
712	0.0002618319
713	9.618595e-05
714	5.628262e-05
715	3.5924179999999996e-05
716	4.447805e-05
717	2.1791959999999998e-05
718	2.055349e-05
719	6.858978e-05
720	7.34712e-05
721	2.5418939999999998e-05
722	2.0545349999999998e-05
723	0.0001173085
724	0.0001505821
725	0.0001646043
726	0.00010053010000000001
727	0.0006578201
728	0.0008106033
729	0.0005261341000000001
730	0.0009193192999999999
731	0.0034675759999999996
732	0.006264119
733	0.009416363
734	0.02456095
735	0.02096332
736	0.01940626
737	0.0005435581
738	0.0004497462
739	0.0004352392
740	0.0005982585
741	0.000620524
742	0.0006753939
743	0.0007873346000000001
744	0.001473474
745	0.000945295
746	0.0008996874000000001
747	0.0009157566000000001
748	0.0006840197
749	0.0002846518
750	0.0007763033
751	0.00183205
752	0.001591426
753	0.01017933
754	0.01174294
755	0.0031677640000000004
756	0.0016246379999999999
757	0.0012915539999999999
758	0.001064597
759	0.001028454
760	0.001073925
761	0.009108183
762	0.005888705
763	0.0034319790000000004
764	0.0007739565
765	0.00012122930000000001
766	1.6416079999999999e-06
767	1.1897639999999999e-07
768	9.397584e-09
769	8.228523e-09
770	7.285572e-08
771	5.4655699999999994e-08
772	2.209288e-08
773	2.358723e-08
774	3.132165e-08
775	2.900076e-08
776	3.473807e-08
777	2.656331e-08
778	2.552203e-08
779	1.205978e-08
780	5.189447e-07
781	1.613893e-06
782	0.0001776388
783	0.00014418040000000002
784	9.505175e-05
785	1.8303410000000002e-05
786	6.517081e-07
787	9.005889000000001e-07
788	1.2027589999999999e-06
789	8.991101e-07
790	6.716186999999999e-07
791	1.398101e-06
792	2.7404900000000004e-06
793	5.629034000000001e-05
794	8.461541999999999e-05
795	0.0001276929
796	0.0001537707
797	0.0002676885
798	0.000551504
799	0.0050299609999999995
800	0.02055351
801	0.02080909
802	0.01958002
803	0.01728687
804	0.01614402
805	0.2427081
806	0.02029481
807	0.01243295
808	0.01060914
809	0.0053841209999999995
810	0.00462847
811	0.0038800209999999996
812	0.001566816
813	0.0030692320000000003
814	0.002543983
815	0.002523071
816	0.0002255409
817	2.4797710000000002e-06
818	1.250198e-06
819	1.3050700000000002e-07
820	1.370505e-07
821	3.784134e-08
822	3.7751120000000004e-08
823	3.164158e-08
824	1.1233100000000001e-08
825	1.206809e-08
826	3.8198559999999996e-08
827	3.360585e-06
828	2.466413e-05
829	2.553959e-06
830	1.3285679999999999e-05
831	0.0002748417
832	0.0002440629
833	0.00016465799999999998
834	8.904015e-05
835	2.413779e-05
836	6.2191150000000005e-06
837	5.474851999999999e-06
838	2.404217e-05
839	1.90152e-05
840	4.25972e-05
841	9.976931000000001e-05
842	1.270773e-05
843	1.404066e-05
844	9.256029e-06
845	9.495774e-06
846	1.692766e-05
847	6.780050999999999e-05
848	0.000918619
849	0.0011548419999999999
850	0.005294322
851	0.02632184
852	0.01703011
853	0.01080397
854	0.0048457629999999995
855	0.0003262358
856	0.00040544050000000003
857	0.00045873050000000003
858	0.0006205124
859	0.0012092239999999998
860	0.03380929
861	0.03474543
862	0.03939494
863	0.03461774
864	0.03097381
865	0.0005741546
866	0.0003613739
867	0.0002955718
868	0.000514604
869	5.1869209999999995e-05
870	6.20979e-05
871	8.368495999999999e-05
872	0.0001072159
873	1.22766e-05
874	9.933906e-07
875	5.03872e-08
876	4.060415e-08
877	4.0827450000000003e-08
878	3.573632e-08
879	3.4886230000000006e-08
880	3.0869059999999996e-08
881	6.803003e-08
882	5.903874e-08
883	2.5267640000000003e-07
884	6.121073e-07
885	7.040158000000001e-07
886	2.5614389999999998e-06
887	2.636587e-08
888	2.6029950000000004e-06
889	0.0003259228
890	0.001163772
891	5.047872e-05
892	3.57123e-05
893	4.7837479999999996e-05
894	2.304061e-05
895	2.815873e-05
896	2.924254e-07
897	3.4202329999999994e-07
898	9.25865e-07
899	1.137885e-06
900	2.350625e-06
901	5.1837480000000004e-08
902	2.369365e-06
903	2.0967619999999998e-06
904	2.014061e-06
905	3.199611e-06
906	4.8625820000000006e-05
907	2.626192e-05
908	1.2207999999999999e-05
909	1.711496e-06
910	1.0424660000000001e-05
911	3.077605e-05
912	0.0004237565
913	0.0004972399
914	0.01058268
915	0.08445883
916	0.09096703
917	0.05917234
918	0.07151107
919	0.07685036
920	0.05463108
921	0.06133937
922	0.07276601
923	0.09003378
924	0.1049502
925	0.1387773
926	0.1448269
927	0.1510185
928	0.1599774
929	0.19679839999999998
930	0.2179636
931	0.23007249999999999
932	0.245497
933	0.2598765
934	0.35009070000000003
935	0.36576970000000003
936	0.6801475
937	0.7178523
938	0.7131048000000001
939	0.7814365
940	0.7854966999999999
941	0.8095576
942	0.8612318999999999
943	0.8632093000000001
944	0.8777726999999999
945	0.8430950999999999
946	0.8408091000000001
947	0.7772855
948	0.6721010000000001
949	0.6657234000000001
950	0.6639679
951	0.5541526
952	0.5409008000000001
953	0.4827983
954	0.46565280000000003
955	0.4445299
956	0.4427224
957	0.4279325
958	0.4242527
959	0.17413
960	0.05679780000000001
961	0.05119706
962	0.04338453
963	0.04105687
964	0.02176573
965	0.008634056
966	0.004219996
967	0.001227715
968	0.001026191
969	0.0008304098
970	0.0005209813
971	0.0004382342
972	0.0003754721
973	0.0003477023
974	0.0004748848
975	0.0003212995
976	0.0001948452
977	0.00018651380000000002
978	0.0002184122
979	0.004285645
980	0.01489211
981	0.02741581
982	0.000349368
983	0.0001623043
984	0.00022825259999999998
985	0.0002439766
986	0.00016344690000000002
987	1.221364e-05
988	7.912631000000001e-06
989	3.084819e-06
990	1.921327e-06
991	3.238077e-07
992	4.797938e-06
993	2.7071679999999996e-06
994	1.928747e-06
995	1.3859059999999999e-06
996	4.16372e-07
997	1.2262219999999998e-07
998	6.591628e-07
999	8.744481e-07
1000	8.410168e-07
1001	8.140593e-07
1002	7.214283e-07
1003	8.993678e-07
1004	9.415578e-06
1005	6.116462e-05
1006	0.0003103797
1007	0.002551242
1008	0.0004287535
1009	0.0002115896
1010	0.002387713
1011	0.0098619
1012	0.0005658778
1013	0.0005118526999999999
1014	0.0004757701
1015	0.0004721122
1016	0.000466673
1017	0.0004651892
1018	1.182989e-06
1019	3.8044379999999995e-07
1020	4.122392e-07
1021	5.925395000000001e-07
1022	5.544132e-07
1023	7.744756e-07
1024	1.337164e-06
1025	1.682209e-06
1026	3.442924e-05
1027	0.0001348309
1028	0.0004313377
1029	0.001499501
1030	0.0018830560000000001
1031	0.007520149
1032	0.24593070000000003
1033	0.2515413
1034	0.02172132
1035	0.2110757
1036	0.2051929
1037	0.20672729999999997
1038	0.2119904
1039	0.2002599
1040	0.191101
1041	0.1881025
1042	0.1844838
1043	0.1796208
1044	0.1789466
1045	0.1712493
1046	0.2044461
1047	0.169435
1048	0.06080004
1049	0.04801677
1050	0.02422364
1051	0.02197387
1052	0.0251851
1053	0.03790508
1054	0.10608019999999999
1055	0.10965599999999999
1056	0.1104045
1057	0.11188039999999999
1058	0.11231660000000002
1059	0.1139501
1060	0.1172363
1061	0.12101279999999999
1062	0.1364776
1063	0.1835869
1064	0.4532912
1065	0.521489
1066	0.7870311
1067	0.9295285
1068	0.9331246
1069	0.9533504999999999
1070	0.9534559000000001
1071	0.9005238000000001
1072	0.8267179
1073	0.19463370000000002
1074	0.17983629999999998
1075	0.1828206
1076	0.1574307
1077	0.1508505
1078	0.12971400000000002
1079	0.07172028
1080	0.07189555
1081	0.07113096
1082	0.07191435
1083	0.04348829
1084	0.04191433
1085	0.04246299
1086	0.04232509
1087	0.05095759
1088	0.05933433
1089	0.02543804
1090	0.005133380999999999
1091	0.007037926
1092	0.003471572
1093	0.0040552109999999995
1094	0.00357391
1095	0.00386273
1096	0.004116614
1097	0.0041905020000000005
1098	0.004538191
1099	0.004744618
1100	0.005773601
1101	0.005106998
1102	0.0049484329999999995
1103	0.006151483
1104	0.01722441
1105	0.02919773
1106	0.1892951
1107	0.01579589
1108	0.005406411
1109	0.003202553
1110	0.00040007800000000005
1111	0.0001946081
1112	0.0001244536
1113	0.00012225799999999998
1114	0.00016676779999999999
1115	0.0003311111
1116	0.00032036689999999997
1117	0.000300611
1118	0.0002805454
1119	0.0002619182
1120	0.0002466529
1121	0.0003452707
1122	0.0019379070000000002
1123	0.0034545709999999996
1124	0.01912648
1125	0.04428818
1126	0.5321368000000001
1127	0.5412024000000001
1128	0.5549449000000001
1129	0.5662053000000001
1130	0.04822127
1131	0.04845896
1132	0.05241329
1133	0.04984669
1134	0.05202387
1135	0.05343218
1136	0.04453354
1137	0.03830974
1138	0.03091366
1139	0.02818955
1140	0.02353347
1141	0.0017346339999999999
1142	0.002142765
1143	0.001946744
1144	0.0022004620000000003
1145	0.002390087
1146	0.002873652
1147	0.003088927
1148	0.004137404
1149	0.01129801
1150	0.01118439
1151	0.01143149
1152	0.01398898
1153	0.01988861
1154	0.02419806
1155	0.181805
1156	0.4070525
1157	0.6003344
1158	0.584538
1159	0.3785232
1160	0.2413751
1161	0.17350629999999997
1162	0.043799300000000006
1163	0.03834489
1164	0.03531394
1165	0.03872308
1166	0.03900104
1167	0.04018026
1168	0.0248569
1169	0.02562197
1170	0.01741402
1171	0.01458868
1172	0.01428029
1173	0.01410656
1174	0.01408672
1175	0.009586401999999999
1176	0.01001334
1177	0.005216651
1178	0.004395958
1179	0.006908581
1180	0.006643288000000001
1181	0.006548106
1182	0.0068224390000000005
1183	0.012377899999999999
1184	0.008755113
1185	0.008368719
1186	0.0074184690000000005
1187	0.007449348000000001
1188	0.007700876
1189	0.008029352
1190	0.009549727
1191	0.01084558
1192	0.01292168
1193	0.02357828
1194	0.0281918
1195	0.0012891489999999999
1196	9.025998999999999e-05
1197	1.829516e-05
1198	1.431427e-05
1199	2.6942379999999997e-05
1200	2.9233990000000004e-05
1201	2.720949e-05
1202	2.588886e-05
1203	2.7530809999999998e-05
1204	2.5213960000000003e-05
1205	2.2479380000000002e-05
1206	2.3903229999999997e-05
1207	3.1797740000000005e-05
1208	6.06962e-05
1209	3.81106e-05
1210	0.0005430101000000001
1211	0.005099033
1212	0.01517579
1213	0.02281996
1214	0.02639591
1215	0.02792132
1216	0.02530523
1217	0.01839072
1218	0.01919642
1219	0.02009939
1220	0.006288083000000001
1221	0.005788046
1222	0.006028761
1223	0.0074668009999999995
1224	0.00903401
1225	0.01081977
1226	0.01394104
1227	0.01804449
1228	0.02000389
1229	0.02160555
1230	0.02509582
1231	0.005876131999999999
1232	0.001066943
1233	0.0009915013
1234	0.0009490678999999999
1235	0.002792785
1236	0.0031257209999999997
1237	0.003551639
1238	0.08666497
1239	0.0787945
1240	0.1690433
1241	0.1740233
1242	0.16149000000000002
1243	0.1548952
1244	0.14310250000000002
1245	0.1495866
1246	0.1350195
1247	0.12216760000000002
1248	0.1122125
1249	0.1027935
1250	0.09923758
1251	0.11975380000000001
1252	0.07795694
1253	0.05999493
1254	0.03506291
1255	0.02383287
1256	0.01533613
1257	0.00389669
1258	0.003764134
1259	0.0037567729999999997
1260	0.007495112
1261	0.01121817
1262	0.01400524
1263	0.01516035
1264	0.01766515
1265	0.02094769
1266	0.02179214
1267	0.02454709
1268	0.02750608
1269	8.909446e-05
1270	2.107533e-05
1271	4.41993e-05
1272	5.831085e-05
1273	4.858106e-05
1274	5.392326999999999e-05
1275	2.6019009999999997e-05
1276	4.898469e-05
1277	0.000124141
1278	0.008630401
1279	0.0192013
1280	0.01344596
1281	0.007853443
1282	0.004116164
1283	0.001307402
1284	0.00041115190000000004
1285	0.00025966060000000003
1286	0.00011914940000000001
1287	3.274967e-05
1288	5.97301e-07
1289	1.367826e-07
1290	1.546357e-07
1291	1.5712249999999998e-07
1292	1.838782e-07
1293	3.063001e-07
1294	1.960812e-07
1295	2.0970470000000003e-07
1296	1.189845e-06
1297	2.642211e-06
1298	8.429093e-06
1299	9.013960000000001e-06
1300	2.1117910000000002e-06
1301	2.494168e-06
1302	8.964412e-05
1303	0.0288748
1304	0.01729432
1305	0.007217551
1306	0.001047829
1307	0.0009016874
1308	0.000750445
1309	0.0006210626
1310	0.000481934
1311	0.00048094669999999997
1312	0.0003105282
1313	0.0001654322
1314	5.817041e-05
1315	7.260457e-06
1316	5.560275000000001e-06
1317	2.515744e-06
1318	5.81004e-05
1319	6.086775e-05
1320	6.390754e-05
1321	6.710401e-05
1322	7.035805e-05
1323	7.426196e-05
1324	7.863270000000001e-05
1325	8.375030000000001e-05
1326	1.632619e-05
1327	5.446618999999999e-06
1328	2.666509e-07
1329	4.1674079999999995e-06
1330	4.36073e-06
1331	1.018453e-05
1332	0.00105395
1333	0.4469227
1334	0.4485022
1335	0.4518781
1336	0.47575740000000005
1337	0.6028034000000001
1338	0.6008033
1339	0.5939361
1340	0.6821888
1341	0.6866021
