end	14
1	0.9973871999999999
2	0.9951885
3	0.003459699
4	1.708049e-05
5	5.663613e-07
6	2.43352e-07
7	1.8874129999999999e-07
8	1.885494e-07
9	1.882747e-07
10	1.8768650000000002e-07
11	1.8675969999999998e-07
12	4.5310510000000004e-08
13	4.4392750000000006e-08
14	4.389893e-08
15	4.1818150000000006e-08
16	4.1817869999999996e-08
17	3.051459e-06
18	0.0004842403
19	0.008007543
20	0.010580299999999999
21	0.01354645
22	0.01380205
23	0.002953067
24	0.0002234634
25	0.0002333783
26	0.00011674299999999999
27	0.0001306969
28	6.238671999999999e-05
29	6.0061940000000005e-05
30	5.4850780000000005e-05
31	5.251446999999999e-05
32	3.908788e-05
33	9.095827e-06
34	1.102265e-05
35	1.367475e-05
36	3.303771e-05
37	6.332647e-05
38	0.0001418126
39	0.0008842308999999999
40	0.002517106
41	0.03392043
42	0.002882203
43	0.0007395774000000001
44	0.003414789
45	0.0004389717
46	9.071686e-05
47	0.0001043093
48	0.0007550536999999999
49	0.0007902618
50	0.0008339625
51	0.0005871240000000001
52	1.4063289999999999e-05
53	1.386579e-05
54	7.649536e-06
55	2.425752e-06
56	9.535791999999999e-07
57	1.428196e-06
58	2.57292e-06
59	2.528739e-06
60	1.716172e-06
61	6.204221e-06
62	5.297587e-06
63	5.353979000000001e-06
64	1.322165e-06
65	5.213938e-07
66	7.80401e-07
67	1.291629e-06
68	8.223777e-05
69	0.0001590938
70	0.000322644
71	0.00011514770000000001
72	2.216408e-05
73	2.8166909999999997e-05
74	9.95819e-05
75	9.707844000000001e-05
76	0.0001095708
77	0.00014717850000000001
78	0.0005527031999999999
79	0.0013849670000000002
80	0.0021302129999999997
81	0.01611263
82	0.01712174
83	0.01823728
84	0.0064739459999999995
85	0.009408175
86	0.01751885
87	0.02494544
88	0.03239212
89	0.05906513
90	0.01593884
91	0.0024559070000000002
92	0.002781874
93	0.00033603489999999996
94	0.0003192912
95	0.0003098625
96	0.0002972904
97	0.0002739795
98	0.0002579232
99	0.0002400545
100	0.0002211302
101	0.00016497759999999998
102	0.00012181030000000001
103	9.126716e-05
104	1.698776e-05
105	2.614881e-05
106	1.989629e-05
107	9.104411e-05
108	0.0009061518
109	0.001962456
110	0.003060292
111	0.004115861
112	0.005204151
113	0.006356026999999999
114	0.008561353
115	0.009065868000000001
116	0.01029606
117	0.00020812220000000002
118	9.272029e-05
119	0.0007019752
120	0.0005965929
121	0.0007428625
122	0.0020786
123	0.0007902161999999999
124	0.0002812149
125	0.0006772653
126	0.0006483168
127	0.000549241
128	0.0004979485
129	8.94698e-05
130	8.401578000000002e-05
131	3.5503600000000003e-05
132	3.6831640000000004e-05
133	4.868228e-05
134	0.00128096
135	0.001198555
136	0.001083334
137	0.0009164839
138	0.0007913346000000001
139	0.0006812119999999999
140	0.00047305199999999996
141	0.00024175740000000002
142	0.00028748040000000003
143	0.0018656789999999999
144	0.0001614634
145	0.00017895700000000001
146	0.0002749271
147	0.00031215619999999997
148	0.0005384802
149	0.0006981614
150	0.0008566050999999999
151	0.0002204807
152	0.0002444273
153	0.0002748056
154	0.0003081154
155	0.0009246866000000001
156	0.0007714503
157	0.001300159
158	0.0034293509999999998
159	0.004085044
160	0.005070532
161	0.008314148
162	0.01256
163	0.02692981
164	0.0318087
165	0.03647308
166	0.03989380000000001
167	0.05062658
168	0.05507008
169	0.0425881
170	0.1810973
171	0.2281081
172	0.20967289999999997
173	0.2010872
174	0.1884056
175	0.153356
176	0.07460036
177	0.05419621
178	0.02118943
179	0.01226542
180	0.00488031
181	0.0003573756
182	3.9897040000000004e-05
183	1.886517e-05
184	1.578975e-05
185	1.5787420000000002e-05
186	1.085409e-05
187	1.049836e-05
188	8.675634e-06
189	3.209343e-06
190	1.3457640000000002e-06
191	7.190418e-06
192	9.355602e-06
193	1.182557e-05
194	1.8038820000000002e-05
195	0.002404978
196	0.0042524270000000005
197	0.007391712
198	0.008405669000000001
199	0.0004546186
200	2.1610789999999996e-05
201	7.066000000000001e-06
202	1.504608e-06
203	1.483549e-06
204	3.6281800000000006e-06
205	3.576896e-05
206	5.75155e-05
207	6.896914e-05
208	3.236219e-05
209	3.730204e-05
210	4.3239290000000004e-05
211	3.343148e-05
212	4.1308850000000003e-05
213	4.083491e-05
214	0.00025693060000000004
215	0.006693825
216	0.0106397
217	0.0544759
218	0.01564336
219	0.01346298
220	0.03000697
221	0.03342155
222	0.0283663
223	0.01985556
224	0.01836706
225	0.01637714
226	0.006263384
227	0.00909874
228	0.004758926
229	0.004087093
230	0.0035243690000000003
231	0.001959873
232	0.0026882620000000003
233	0.005368493
234	0.00304298
235	0.0008048246000000001
236	0.0005510873999999999
237	0.0008584414
238	0.00111334
239	0.001202827
240	0.001232649
241	4.5939409999999997e-05
242	0.0001178267
243	0.0003556262
244	0.0003854611
245	0.0003444119
246	0.0003239766
247	0.0003920084
248	0.0002175238
249	0.0002803982
250	0.000234745
251	0.00021816240000000002
252	0.00012552319999999998
253	7.560136e-05
254	0.0006772446
255	0.0009246833
256	0.001143587
257	0.001335059
258	0.001509207
259	0.0016847000000000001
260	0.0019520879999999998
261	0.001932036
262	0.0016564429999999998
263	0.01219404
264	0.01110827
265	0.01331251
266	0.03613046
267	0.06985142
268	0.11763019999999999
269	0.1187344
270	0.1210238
271	0.14223329999999998
272	0.1354312
273	0.1476547
274	0.1482359
275	0.156894
276	0.12757539999999998
277	0.11546110000000001
278	0.1278272
279	0.1313701
280	0.0309408
281	0.01369199
282	0.014618700000000002
283	0.03352162
284	0.03487891
285	0.0395799
286	0.05869722
287	0.05121828
288	0.03473393
289	0.0230446
290	0.01996563
291	0.006159171
292	0.0028606079999999997
293	0.0005624043
294	0.00028610939999999997
295	0.0004786346
296	0.0009149147999999999
297	0.0004771598
298	0.00046677569999999997
299	4.6336809999999994e-05
300	2.474689e-06
301	5.155039000000001e-06
302	1.254512e-05
303	5.063977e-05
304	7.176399e-05
305	0.00010830360000000001
306	1.3255920000000001e-05
307	1.165807e-05
308	2.5126399999999997e-05
309	0.0002027966
310	0.00017430860000000001
311	0.0001766991
312	0.0002564388
313	0.0003669342
314	0.0007473253
315	0.001118293
316	0.0012614739999999998
317	0.001482035
318	0.001476493
319	0.0017405029999999998
320	0.005674406
321	0.03753648
322	0.0019448220000000001
323	0.0005437743
324	0.0033022109999999998
325	0.0004788847
326	0.0006389457
327	0.0005311311
328	0.0004352592
329	0.00037863489999999996
330	0.0003845153
331	0.0003928325
332	0.0009298933999999999
333	0.0008060085
334	0.000563247
335	0.0003035198
336	0.0001084011
337	7.341768e-05
338	4.428263e-05
339	2.509625e-05
340	1.1318540000000001e-05
341	1.439152e-06
342	7.501475e-06
343	0.0006694457000000001
344	5.670676999999999e-06
345	4.496839e-07
346	3.1343559999999995e-07
347	1.5887449999999998e-07
348	2.8103029999999997e-08
349	4.6043199999999995e-08
350	2.12487e-07
351	8.196342999999999e-08
352	4.115428e-07
353	1.422172e-06
354	4.081837e-06
355	2.115184e-05
356	6.011769e-05
357	0.0001249453
358	0.0001203592
359	6.623784e-05
360	6.449614000000001e-05
361	8.534001000000001e-05
362	0.00010732809999999999
363	0.000326965
364	0.0007277033999999999
365	0.007742336999999999
366	0.005850337
367	0.005630626999999999
368	0.004260263
369	0.003716498
370	0.003798282
371	0.005683567
372	0.004791551
373	0.005385345
374	0.006286994000000001
375	0.0065696209999999994
376	0.008651084
377	0.01718469
378	0.0006885473
379	0.002922333
380	0.004294345
381	0.00499948
382	0.004591626
383	0.01250921
384	0.01003211
385	0.01677776
386	0.006516379
387	0.002342864
388	0.001175436
389	0.001224825
390	0.001090143
391	0.0001912036
392	0.0002126407
393	0.0005304294
394	0.0001297401
395	0.00013961559999999999
396	0.00014567670000000001
397	0.000137188
398	0.0001675004
399	0.0002242329
400	0.0002492164
401	0.00027716139999999997
402	0.0004522211
403	2.482186e-05
404	9.432712e-06
405	7.469668000000001e-05
406	6.358947e-05
407	5.109376e-05
408	6.356177e-05
409	5.513494000000001e-05
410	3.99084e-05
411	3.467215e-05
412	1.234598e-05
413	5.3050300000000004e-06
414	3.287609e-06
415	1.890136e-06
416	3.095925e-06
417	4.151404e-06
418	0.00018992610000000002
419	0.001769758
420	0.0035381559999999998
421	0.00046953839999999995
422	0.000103223
423	0.0001020256
424	0.0001086034
425	0.00011651600000000001
426	0.0001379333
427	0.0001903529
428	0.0005981591
429	0.000855647
430	0.0009918703999999999
431	0.000928012
432	0.001394437
433	0.0007615478
434	0.0006896785000000001
435	0.000728171
436	0.0007941828
437	0.000434005
438	0.0001828178
439	0.0001426776
440	0.0001440556
441	6.787378e-06
442	1.802072e-07
443	1.110859e-07
444	2.702911e-07
445	1.142377e-06
446	1.843539e-06
447	8.075631e-07
448	7.76339e-07
449	6.705632e-07
450	5.404599e-06
451	5.595411e-06
452	1.1253250000000001e-05
453	2.1976839999999998e-07
454	9.505936e-08
455	1.030233e-06
456	3.6936540000000003e-06
457	5.528827e-06
458	8.002848e-06
459	1.5119289999999999e-05
460	1.922976e-06
461	1.227328e-07
462	2.121969e-08
463	1.552667e-08
464	1.6099370000000003e-08
465	2.1286070000000002e-08
466	2.2470830000000005e-08
467	4.845694e-08
468	7.920095e-08
469	1.521347e-07
470	2.4371849999999997e-07
471	3.3407559999999996e-07
472	3.8228459999999996e-07
473	2.559952e-08
474	2.2314329999999998e-07
475	8.60902e-06
476	1.181876e-05
477	3.821485e-05
478	0.0002701589
479	0.002778367
480	0.00128257
481	0.00023155099999999998
482	0.0007969698
483	0.0001058781
484	2.1219179999999997e-05
485	2.364925e-05
486	3.7822290000000005e-05
487	0.0004884754
488	5.378845999999999e-05
489	4.504158e-05
490	5.247023e-05
491	3.11623e-05
492	1.3341099999999998e-05
493	3.6921949999999996e-06
494	5.286537e-06
495	1.890585e-05
496	1.565664e-05
497	2.454851e-05
498	6.467443e-05
499	0.00019011060000000002
500	0.0001583815
501	4.308698e-05
502	3.6893940000000005e-05
503	6.647822e-05
504	0.00016836150000000002
505	0.00015032889999999998
506	0.000231172
507	0.002700234
508	3.0744790000000004e-05
509	1.337806e-05
510	1.0096480000000001e-05
511	1.563584e-05
512	1.803763e-05
513	1.937851e-05
514	6.416117e-05
515	0.0002413104
516	8.658341000000001e-05
517	0.0001145975
518	0.00014360190000000002
519	0.0001168951
520	0.00016530939999999999
521	0.0002403696
522	1.28864e-05
523	3.062552e-05
524	0.0002586884
525	0.00022747169999999997
526	0.0002198838
527	0.00021671979999999998
528	0.0002061023
529	0.0001968107
530	0.00017081380000000002
531	0.0001457147
532	9.602190999999999e-05
533	0.002149879
534	0.00044275160000000006
535	0.0001324406
536	1.7911970000000002e-05
537	2.267345e-05
538	0.0003127903
539	0.0006298801999999999
540	0.001053593
541	8.040871999999999e-05
542	8.912315e-07
543	7.257460999999999e-07
544	2.034281e-07
545	1.97818e-06
546	4.810326e-06
547	7.324261e-06
548	1.0376189999999998e-05
549	8.678209e-06
550	1.064226e-05
551	2.970252e-05
552	1.66646e-05
553	5.1182389999999996e-06
554	4.5425600000000004e-07
555	1.343038e-07
556	7.369798e-08
557	1.1435750000000001e-07
558	5.812894e-07
559	1.521848e-06
560	2.5770589999999998e-06
561	3.374933e-06
562	2.885605e-06
563	2.620078e-06
564	5.994302e-07
565	8.857669e-06
566	3.280497e-06
567	5.217692e-06
568	0.0001332571
569	0.0003545777
570	0.001276792
571	0.0004921645
572	4.982385999999999e-05
573	4.4567420000000004e-05
574	2.6957259999999997e-05
575	2.594234e-05
576	2.77606e-05
577	6.865826e-06
578	1.307742e-05
579	1.856934e-05
580	3.626386e-05
581	5.473305e-05
582	6.022736999999999e-05
583	8.361951e-05
584	0.00012108879999999999
585	0.0001759645
586	0.002689703
587	0.000829365
588	8.949412e-05
589	4.8963270000000004e-05
590	7.570132e-05
591	8.344645e-05
592	0.0018538729999999998
593	0.01698307
594	0.009362353
595	0.002137023
596	4.256156e-05
597	3.85082e-05
598	3.212700999999999e-05
599	3.106337e-05
600	2.4989179999999996e-05
601	7.125427e-05
602	0.004990952
603	0.01658929
604	0.0027084970000000002
605	0.0016005720000000002
606	0.0002904292
607	0.0003070841
608	0.00036338989999999997
609	0.0004014178
610	0.0007056471
611	0.0009920931
612	0.0010954460000000001
613	0.001161274
614	0.001206034
615	0.0010395139999999998
616	0.001208245
617	0.0012370439999999999
618	0.00045882339999999994
619	0.0005435084
620	0.002609143
621	0.0076164069999999995
622	0.03418133
623	0.06753695
624	0.07085654
625	0.05004259
626	0.0424918
627	0.04194394
628	0.04218951
629	0.04296657
630	0.02985968
631	0.03896402
632	0.03810131
633	0.1143395
634	0.11410260000000001
635	0.10596760000000001
636	0.0988081
637	0.09246449
638	0.08441383
639	0.01552573
640	0.01257478
641	0.009097789
642	0.003965279
643	0.0002902209
644	0.00010377639999999999
645	4.249416e-05
646	3.614445e-05
647	3.076529000000001e-05
648	2.6905729999999998e-05
649	2.340446e-05
650	1.6265339999999998e-05
651	6.029897999999999e-06
652	3.8390340000000004e-07
653	2.9087459999999997e-07
654	5.713223e-07
655	1.4554589999999998e-06
656	4.168544e-06
657	6.827145000000001e-06
658	3.9470029999999995e-05
659	3.231492e-05
660	1.3597200000000001e-05
661	1.454625e-05
662	2.2245860000000004e-05
663	5.2678560000000005e-06
664	6.355725e-06
665	7.383388e-06
666	1.4409979999999998e-05
667	0.0013462079999999998
668	0.001252255
669	0.001060781
670	0.0008941055
671	0.0007944092999999999
672	0.0007361137
673	0.0006302941
674	0.001064152
675	0.009615213000000001
676	0.009548479
677	0.01119137
678	0.013276699999999999
679	0.01335156
680	0.0155375
681	0.01858385
682	0.02342711
683	0.032289799999999994
684	0.03683953
685	0.11429180000000001
686	0.09575360000000001
687	0.09289812
688	0.09287883
689	0.09130393
690	0.0009873406
691	0.0005708724
692	0.0005112927
693	9.750033000000001e-05
694	3.0070159999999996e-05
695	2.2736620000000003e-05
696	1.5951e-05
697	1.408229e-05
698	1.245741e-05
699	1.470531e-05
700	2.392589e-05
701	0.0002262827
702	0.00014406559999999998
703	7.839378000000001e-05
704	4.293789e-06
705	2.861394e-06
706	1.324346e-06
707	9.279796000000001e-08
708	2.8488420000000004e-07
709	2.332029e-06
710	2.0410739999999997e-05
711	2.109597e-05
712	3.465362e-07
713	4.876455999999999e-07
714	1.047588e-06
715	2.762198e-07
716	5.665581e-07
717	1.0748899999999998e-06
718	3.114582e-07
719	9.872594000000002e-07
720	2.9182279999999998e-06
721	9.107537e-06
722	7.068632e-05
723	8.066961e-05
724	4.038151e-05
725	5.6553869999999995e-06
726	4.0338749999999996e-06
727	5.396848e-06
728	7.259643e-06
729	2.227196e-05
730	5.0778e-05
731	5.249264e-05
732	0.0001952866
733	0.0014550639999999998
734	0.001620417
735	0.001424782
736	0.0017342520000000001
737	0.0009973339
738	0.0010256039999999998
739	0.003564697
740	0.008582471999999999
741	0.009894769
742	0.005287118
743	0.00410655
744	0.002843586
745	0.002796162
746	0.003022332
747	0.003942465
748	0.005926089
749	0.01444246
750	0.0004668369
751	0.0004952857
752	0.0007188380000000001
753	0.0001126924
754	9.4236e-05
755	3.924124e-05
756	0.00010991149999999999
757	0.0001357153
758	0.00029242060000000004
759	0.0005987883
760	0.0007921836
761	0.001193205
762	0.003805769
763	0.00116437
764	0.002362844
765	0.002730585
766	0.001897431
767	0.0019499839999999999
768	0.007774906
769	0.00667556
770	0.007622100000000001
771	0.0450383
772	0.04800925
773	0.03859293
774	0.01943612
775	0.01441977
776	0.007878536
777	0.005580686
778	0.0035351909999999996
779	0.003111122
780	0.005273819
781	0.005202376
782	0.004995229
783	0.00242399
784	0.0016326479999999998
785	0.000831056
786	0.0003177506
787	0.0003716781
788	0.0002772952
789	0.0002086103
790	0.00017978069999999998
791	0.0001267385
792	6.025559e-05
793	0.000147992
794	0.0004932111
795	0.0004025826
796	0.00038016989999999995
797	0.0003754539
798	0.00031386770000000003
799	6.848401e-05
800	5.872861e-05
801	0.0001607627
802	0.0002704331
803	0.0002649416
804	0.0002509492
805	0.0002548181
806	0.0003952297
807	0.0003205743
808	0.00032391369999999997
809	0.0003485304
810	0.00035532550000000004
811	0.0002371057
812	2.343705e-05
813	0.001443305
814	0.003023364
815	0.0021255270000000003
816	0.0009859659
817	7.271454e-05
818	4.863828e-06
819	1.3999189999999998e-06
820	5.259771e-06
821	5.644154e-06
822	4.898828e-05
823	4.542435e-05
824	4.018584e-05
825	2.8541609999999995e-05
826	5.14101e-06
827	3.5458379999999998e-06
828	3.855815e-06
829	5.785323e-06
830	0.0001119226
831	0.0009858128999999998
832	0.001185981
833	0.0025670000000000003
834	0.003717517
835	0.0005191144
836	0.0004117182
837	6.888419e-05
838	1.969296e-05
839	1.181379e-05
840	4.728275e-05
841	3.477175e-05
842	2.6460990000000002e-05
843	1.7835220000000003e-05
844	1.056198e-05
845	3.191778e-06
846	7.570004e-07
847	3.5632529999999996e-07
848	3.853718e-08
849	1.267528e-08
850	1.618437e-08
851	8.076147e-08
852	7.324984000000001e-07
853	0.0001801657
854	0.000558297
855	0.001178428
856	0.001478127
857	0.001642924
858	3.227946e-05
859	4.219706e-06
860	3.304639e-06
861	4.3430900000000005e-05
862	4.8882269999999996e-05
863	0.00011517020000000001
864	0.00013652020000000001
865	0.0001594228
866	0.0002184239
867	0.00021036200000000002
868	6.764106e-05
869	5.235692e-05
870	1.831686e-05
871	1.645576e-05
872	8.37241e-06
873	4.207968e-05
874	8.405675e-06
875	9.24789e-06
876	8.114143e-06
877	0.0002000366
878	0.0002128831
879	0.0002054588
880	0.00020329860000000002
881	0.0002019748
882	0.0002000239
883	0.00020045869999999998
884	0.0002087329
885	0.0002119646
886	1.6238520000000002e-05
887	2.653618e-05
888	4.864558e-05
889	0.0001010911
890	0.0001590493
891	0.00018172
892	0.00026770200000000003
893	0.0015529460000000001
894	0.01028074
895	0.0103214
896	0.00191765
897	0.0007409348
898	0.0004992018
899	0.0004631096
900	0.0004942503
901	0.000610085
902	0.0036790629999999998
903	0.01314333
904	0.0032334829999999997
905	0.02283465
906	0.01938571
907	0.01612804
908	0.01519242
909	0.009212426
910	0.004743502
911	0.003065419
912	0.0002286789
913	0.0001429021
914	0.0007078358
915	0.001978076
916	0.0016077279999999999
917	0.001224126
918	0.0009070375
919	0.0007895032000000001
920	0.0005865617
921	0.00043497
922	0.000316428
923	0.0005104886
924	0.0001120545
925	0.00015200360000000002
926	0.0003269716
927	0.0006316575
928	0.001046096
929	0.001452908
930	0.00200395
931	0.0001623896
932	0.0001469224
933	7.197705e-05
934	7.156755e-05
935	1.915583e-05
936	1.477126e-05
937	1.865366e-05
938	0.0002380141
939	0.0002821091
940	0.0003082556
941	0.004531121
942	0.001368127
943	0.0001415523
944	0.0001754759
945	4.8662700000000004e-05
946	1.561866e-05
947	3.2086820000000002e-06
948	9.095219e-07
949	1.209662e-07
950	7.908773e-07
951	3.9375800000000004e-08
952	1.6931060000000004e-08
953	1.9769139999999998e-08
954	1.7622930000000003e-08
955	6.416670999999999e-09
956	5.836419e-09
957	3.637903e-10
958	2.975481e-10
959	3.813007e-10
960	4.419878e-09
961	4.0722570000000005e-07
962	1.01638e-07
963	2.3254480000000003e-06
964	2.047289e-05
965	2.6031079999999997e-05
966	2.820381e-05
967	2.3388289999999997e-05
968	2.404101e-05
969	0.00033595839999999994
970	0.0001717037
971	0.0002303945
972	0.0003485769
973	0.0003268417
974	0.0003979454
975	0.00047851860000000003
976	0.0006244
977	0.0006835099000000001
978	0.0002779904
979	0.00013811649999999998
980	0.0002188912
981	3.662511e-05
982	3.589594e-05
983	5.262285e-05
984	0.0001492056
985	0.0005580142
986	0.0002710904
987	0.0002490465
988	0.0006036139
989	0.0013951760000000001
990	0.001241416
991	0.00108589
992	0.0009346857000000001
993	0.008340568000000001
994	0.015414500000000001
995	0.01119406
996	0.007239478000000001
997	0.005875131
998	0.005482939
999	0.001035249
1000	0.000961139
1001	0.0005242077
1002	6.447609999999999e-05
1003	4.594245000000001e-06
1004	2.2405160000000003e-07
1005	1.955864e-06
1006	1.803829e-05
1007	5.615132999999999e-06
1008	6.237689e-06
1009	8.78265e-06
1010	3.794257e-06
1011	7.428810999999999e-06
1012	3.693637e-06
1013	9.971068e-07
1014	1.61679e-06
1015	1.779806e-06
1016	1.030085e-05
1017	2.256826e-05
1018	4.936151e-07
1019	5.324255e-07
1020	3.27297e-07
1021	2.9721700000000003e-08
1022	1.433775e-08
1023	1.1264110000000001e-08
1024	1.773892e-07
1025	2.3552099999999998e-06
1026	2.329022e-06
1027	2.82922e-06
1028	2.889933e-06
1029	1.3927160000000002e-05
1030	8.303582e-05
1031	6.715459e-05
1032	3.575582e-05
1033	0.00015238
1034	8.009603e-05
1035	9.181966e-05
1036	0.00020667709999999998
1037	0.0001875659
1038	8.474360999999999e-05
1039	4.2967849999999996e-05
1040	2.8980120000000002e-05
1041	6.248531e-05
1042	0.000110554
1043	9.317339e-05
1044	0.00019580299999999998
1045	0.0003000309
1046	0.0004355836
1047	0.0002239271
1048	0.0001928009
1049	0.0002912846
1050	0.00035192519999999996
1051	0.0003932928
1052	0.0007177527999999999
1053	0.0006348754
1054	0.001140428
1055	0.04572346
1056	0.03584564
1057	0.03743328
1058	0.02711177
1059	0.017320099999999998
1060	0.01470483
1061	0.005257694
1062	0.0019418229999999999
1063	0.0002084506
1064	0.00011437030000000001
1065	0.0001223268
1066	8.106497e-05
1067	9.76222e-06
1068	2.422943e-06
1069	5.490358e-06
1070	0.0002016291
1071	0.00020034369999999998
1072	2.248099e-06
1073	1.2678969999999999e-06
1074	6.440398000000001e-07
1075	7.921608e-08
1076	4.910989e-08
1077	1.360066e-08
1078	2.4294540000000002e-08
1079	1.284192e-07
1080	1.2655630000000001e-07
1081	1.459804e-06
1082	1.2677760000000001e-06
1083	5.6371310000000004e-06
1084	5.134176e-06
1085	4.6709710000000005e-06
1086	6.484557e-06
1087	6.807201e-06
1088	1.204e-06
1089	3.0970319999999998e-06
1090	0.00010255440000000001
1091	0.0002756397
1092	0.0004308582
1093	0.0005030191
1094	0.000605175
1095	0.000733956
1096	0.0006010591000000001
1097	0.0003738718
1098	0.001096164
1099	0.002188221
1100	0.003598535
1101	0.005090642
1102	0.000382633
1103	0.0003593625
1104	0.0001926686
1105	0.0001675675
1106	0.000166687
1107	0.0002146433
1108	0.0002358034
1109	0.0001125506
1110	0.0001067552
1111	7.74183e-05
1112	0.002154593
1113	0.002114315
1114	0.002289134
1115	0.001904059
1116	0.001861599
1117	0.007657498
1118	0.02047694
1119	0.02700919
1120	0.02165583
1121	0.0175136
1122	0.009854333
1123	0.001045815
1124	0.0001479776
1125	4.688189e-05
1126	2.694833e-05
1127	1.1949860000000001e-05
1128	1.263792e-05
1129	1.1329089999999999e-05
1130	1.19638e-05
1131	1.1786660000000002e-05
1132	2.31218e-06
1133	2.162984e-06
1134	2.267136e-06
1135	4.818389e-06
1136	1.415645e-06
1137	5.134106e-05
1138	0.0006242232
1139	0.001307174
1140	5.870107e-05
1141	6.394793e-05
1142	0.0001004896
1143	0.0004503636
1144	0.0002907073
1145	5.248694e-05
1146	2.3690830000000002e-05
1147	1.447909e-05
1148	7.492489999999999e-06
1149	7.919561999999999e-07
1150	4.088064e-07
1151	2.912241e-07
1152	1.6782930000000002e-07
1153	6.81747e-07
1154	6.375255e-07
1155	5.026935e-07
1156	3.0838049999999997e-07
1157	1.782189e-07
1158	5.582592e-08
1159	3.133653e-06
1160	1.636183e-05
1161	3.050094e-05
1162	1.14479e-05
1163	1.2809999999999999e-06
1164	1.3413409999999998e-06
1165	1.539084e-06
1166	3.225114e-06
1167	2.684067e-05
1168	0.0001189017
1169	9.496104999999999e-05
1170	6.788897e-05
1171	7.736478e-05
1172	0.0001458477
1173	0.0003136973
1174	0.0003764329
1175	0.0003914983
1176	0.0004187938
1177	0.0007725195
1178	0.002344855
1179	0.08490833
1180	0.07349692
1181	0.05643422
1182	0.04281523
1183	0.03251058
1184	0.02407722
1185	0.01688343
1186	0.01029493
1187	0.006881643000000001
1188	0.00464746
1189	0.0019334970000000002
1190	0.01021945
1191	0.03713919
1192	0.02153233
1193	0.01180966
1194	0.0076002940000000005
1195	0.006471633
1196	0.005910608
1197	0.006077496
1198	0.006947452
1199	0.01063983
1200	0.04022143
1201	0.04171211
1202	0.03375006
1203	0.03231005
1204	0.03288635
1205	0.03315593
1206	0.04286864
1207	0.05554162
1208	0.08439436
1209	0.2308232
1210	0.27022340000000006
1211	0.2356431
1212	0.23878089999999996
1213	0.2589436
1214	0.2602064
1215	0.2206391
1216	0.21869850000000002
1217	0.2178052
1218	0.1746229
1219	0.16543329999999998
1220	0.174559
1221	0.21840900000000002
1222	0.21226550000000002
1223	0.07487422
1224	0.06106235
1225	0.04712621
1226	0.03832131
1227	0.04067259
1228	0.04153963
1229	0.04359849
1230	0.05512927
1231	0.06062341
1232	0.06757712
1233	0.1815636
1234	0.15986589999999998
1235	0.1635188
1236	0.13612639999999998
1237	0.1273982
1238	0.1244845
1239	0.01003821
1240	0.02852313
1241	0.01428362
1242	0.00322947
1243	0.000540121
1244	0.0004108349
1245	0.0003028083
1246	0.0002071198
1247	0.0001971113
1248	0.0003942575
1249	0.0007454796
1250	0.00130681
1251	0.002529053
1252	0.003695667
1253	0.00022574700000000002
1254	9.445364e-05
1255	2.7901570000000002e-05
1256	2.454513e-05
1257	0.0002043481
1258	1.8731760000000003e-05
1259	1.9055779999999998e-06
1260	1.143992e-05
1261	8.900419999999998e-06
1262	3.742557e-06
1263	3.0972919999999998e-06
1264	3.7654199999999997e-06
1265	4.925897e-06
1266	3.822284e-06
1267	4.9962670000000005e-06
1268	3.178053e-07
1269	1.831255e-06
1270	8.879507e-06
1271	1.926091e-05
1272	2.355277e-05
1273	7.505404e-05
1274	6.132831e-05
1275	2.588748e-05
1276	1.6652709999999998e-06
1277	1.1128230000000002e-05
1278	8.841661999999999e-07
1279	5.877765e-07
1280	3.121749e-07
1281	1.9793089999999998e-07
1282	1.2113250000000002e-07
1283	1.5269070000000002e-08
1284	3.775236e-09
1285	3.768299e-09
1286	4.287586e-09
1287	3.673631e-09
1288	1.2026420000000001e-09
1289	2.586483e-09
1290	2.5801599999999997e-08
1291	2.5258020000000004e-07
1292	1.377709e-07
1293	1.1417780000000001e-07
1294	9.143283e-08
1295	1.304196e-07
1296	3.864182e-08
1297	1.809845e-07
1298	8.977479999999999e-07
1299	1.171305e-06
1300	1.622257e-06
1301	3.710911e-07
1302	9.496879e-08
1303	3.873728e-08
1304	5.4225099999999996e-08
1305	4.167427e-07
1306	2.8362669999999998e-08
1307	1.2982989999999998e-08
1308	3.0401400000000004e-08
1309	3.503294e-08
1310	2.724659e-08
1311	6.898919999999999e-07
1312	1.15996e-06
1313	7.70207e-07
1314	4.570137e-05
1315	6.576153e-05
1316	0.0015603939999999999
1317	0.001260965
1318	0.0015770460000000001
1319	0.0001856478
1320	7.129194e-05
1321	0.000236652
1322	0.00046856660000000005
1323	0.0004977234
1324	0.005475071
1325	0.03037727
1326	0.06743325
1327	0.08739396
1328	0.143872
1329	0.14159770000000002
1330	0.1517828
1331	0.1597442
1332	0.103647
1333	0.1116374
1334	0.09225493
1335	0.09631374
1336	0.10452180000000001
1337	0.11657580000000001
1338	0.01609454
1339	0.01786198
1340	0.02229241
1341	0.02683774
1342	0.03044078
1343	0.03158492
1344	0.03698553
1345	0.03227122
1346	0.03475519
1347	0.01671496
1348	0.02110098
1349	0.07603886
1350	0.08517281
1351	0.07323772
1352	0.05698235
1353	0.03576831
1354	0.02413362
1355	0.01172642
1356	0.0014891770000000002
1357	0.0002716568
1358	0.00024166990000000003
1359	0.00023883240000000002
1360	0.0002272893
1361	0.00023154759999999999
1362	0.0002826561
1363	0.003151947
1364	0.0031205940000000004
1365	0.0001140375
1366	9.92266e-05
1367	0.000121817
1368	0.0001511541
1369	0.0003019759
1370	0.002885139
1371	0.02746573
1372	0.02881394
1373	0.03054839
1374	0.03196131
1375	0.03374833
1376	0.03402344
1377	0.03552430000000001
1378	0.03731185
1379	0.05424532
1380	0.18670789999999998
1381	0.6290241
1382	0.6530861
1383	0.6533969000000001
1384	0.6512034000000001
1385	0.6577316999999999
1386	0.6882822
1387	0.704896
1388	0.706598
1389	0.7054585999999999
1390	0.6276765999999999
1391	0.6343285
1392	0.6318971
1393	0.6237474000000001
1394	0.5736541000000001
1395	0.5181957
1396	0.3140705
1397	0.2915185
1398	0.2724081
1399	0.01904032
1400	0.009425842
1401	0.008293715
1402	0.007180255
1403	0.006088316
1404	0.005622591999999999
1405	0.00434756
1406	0.002386198
1407	0.001270478
1408	0.0002575389
1409	7.470573000000001e-05
1410	1.319094e-05
1411	9.987623e-06
1412	8.231789999999999e-06
1413	1.010375e-05
1414	0.0005015445
1415	3.5386690000000004e-05
1416	2.233377e-05
1417	1.173394e-05
1418	3.157546e-06
1419	2.7343279999999997e-06
1420	6.45274e-06
1421	1.615999e-05
1422	2.64985e-05
1423	0.0021209320000000003
1424	0.01653473
1425	0.03360201
1426	0.02462717
1427	0.02364673
1428	0.023161599999999997
1429	0.02316202
1430	0.02318915
1431	0.02314743
1432	0.02348162
1433	0.027904599999999998
1434	0.02737607
1435	0.02695383
1436	0.006432925
1437	0.002486485
1438	0.003957109
1439	0.0038003520000000003
1440	0.0047196370000000005
1441	0.007098739000000001
1442	0.009087158
1443	0.07891804
1444	0.06848294
1445	0.05844888
1446	0.06070213
1447	0.05550967
1448	0.05158564
1449	0.01855086
1450	0.008945546
1451	0.008462212
1452	0.007510976
1453	0.01059146
1454	0.0004675729
1455	4.1380619999999996e-05
1456	2.504859e-05
1457	1.5520379999999997e-05
1458	6.436273999999999e-06
1459	5.360060999999999e-07
1460	4.345538e-07
1461	4.1431340000000006e-07
1462	1.302903e-06
1463	1.400525e-06
1464	1.899108e-06
1465	1.82524e-06
1466	1.9782490000000003e-06
1467	2.384294e-06
1468	0.001188904
1469	0.005327241999999999
1470	0.00022584340000000001
1471	9.575734000000001e-05
1472	0.0001584115
1473	0.006347899000000001
1474	0.008120198
1475	0.01740178
1476	0.01179873
1477	0.01133717
1478	0.01092128
1479	0.01096285
1480	0.00045895589999999997
1481	0.00013393
1482	0.0001039711
1483	0.0001060132
1484	6.873236e-05
1485	0.00047806510000000005
1486	0.0005358292
1487	0.0005316922
1488	0.00019224689999999998
1489	0.00018557479999999998
1490	0.0001885336
1491	0.0002736287
1492	0.0001525152
1493	4.988337e-05
1494	0.00033287919999999997
1495	0.0001738817
1496	0.00021448900000000003
1497	0.0004071727
1498	0.0006893239
1499	0.0003305597
1500	3.402036e-06
1501	2.292974e-06
1502	5.2246599999999995e-05
1503	0.0001469944
1504	0.0002380333
1505	0.00011968680000000001
1506	7.258221e-06
1507	3.923981e-06
1508	3.5563060000000003e-06
1509	3.598125e-05
1510	3.16299e-05
1511	1.8369470000000002e-06
1512	1.049355e-06
1513	9.166146000000001e-05
1514	0.0002390025
1515	0.0001980684
1516	0.0002055768
1517	0.0001557325
1518	0.0005968478
1519	0.0005735159
1520	0.0008229283999999999
1521	0.0001065425
1522	0.0001364708
1523	0.00029098240000000004
1524	0.0003067209
1525	0.000318353
1526	0.002112207
1527	0.0008910957000000001
1528	0.0009281000000000001
1529	0.001378901
1530	0.002558188
1531	0.004042235999999999
1532	0.0051419709999999995
1533	0.006544657
1534	0.008083456999999999
1535	0.009989465
1536	0.0118001
1537	0.01701337
1538	0.01772858
1539	0.01516184
1540	0.01538273
1541	0.001105032
1542	4.301995e-05
1543	1.419614e-05
1544	1.911594e-05
1545	2.3297260000000002e-05
1546	0.000189704
1547	0.00015061139999999999
1548	0.003861626
1549	0.001099245
1550	2.146966e-05
1551	7.284411e-06
1552	3.666322e-06
1553	2.7906979999999998e-06
1554	2.494557e-06
1555	8.411931e-06
1556	8.321511e-06
1557	6.145508e-06
1558	6.658062e-06
1559	1.4705560000000001e-05
1560	3.3536810000000003e-06
1561	6.500084e-07
1562	1.623766e-06
1563	2.1703530000000002e-05
1564	8.588904e-05
1565	0.0003868561
1566	0.00042869949999999995
1567	0.0005054493
1568	0.00038120300000000004
1569	0.002424896
1570	0.0051735309999999994
1571	0.00846018
1572	0.001697323
1573	2.503895e-05
1574	1.44845e-06
1575	1.251898e-06
1576	1.3205770000000001e-06
1577	6.936959e-07
1578	2.316341e-07
1579	2.2909779999999997e-07
1580	2.36632e-07
1581	4.7545129999999995e-08
1582	8.371635000000002e-08
1583	9.229698e-07
1584	0.0001296013
1585	0.0003315086
1586	0.0006359022
1587	0.00048328900000000003
1588	0.00036522089999999996
1589	8.634724e-05
1590	0.0001207184
1591	0.0001049899
1592	0.0001239167
1593	0.0001601798
1594	0.0003403175
1595	0.0005240476
1596	0.0014792370000000002
1597	0.001724847
1598	0.0015923229999999999
1599	0.0002003098
1600	5.180282e-05
1601	0.0001365486
1602	9.961871999999999e-05
1603	4.712072e-06
1604	7.914905e-06
1605	1.852524e-05
1606	3.362187e-05
1607	2.739252e-05
1608	6.885449000000001e-05
1609	7.232679e-05
1610	7.263513000000001e-05
1611	2.5804499999999997e-05
1612	1.8617529999999998e-05
1613	1.89283e-05
1614	5.612563e-06
1615	1.2230539999999999e-05
1616	1.0248419999999998e-05
1617	0.0001246848
1618	0.00039829510000000004
1619	0.01225656
1620	0.04385528
1621	0.04384369
1622	0.04384016
1623	0.03187395
1624	0.01826633
1625	0.007212845
1626	0.0030372309999999996
1627	0.0006334137999999999
1628	6.715456e-06
1629	2.031166e-06
1630	1.191079e-06
1631	5.662319e-07
1632	9.726120999999999e-07
1633	2.171934e-06
1634	2.8665220000000003e-07
1635	8.047454e-08
1636	4.86707e-08
1637	6.798144e-08
1638	1.646464e-07
1639	3.0791809999999996e-07
1640	2.998204e-06
1641	8.011379e-05
1642	8.17092e-05
1643	8.306680000000001e-05
1644	0.0001192687
1645	0.0004322496
1646	0.00037211160000000004
1647	0.0003097292
1648	0.002163229
1649	0.007306904
1650	0.02001334
1651	0.03138905
1652	0.03214704
1653	0.0029827509999999996
1654	0.00045938800000000003
1655	0.00045264769999999995
1656	0.00044396029999999996
1657	0.0003546132
1658	0.000313645
1659	0.0006301543
1660	0.00037228269999999995
1661	0.00018247130000000002
1662	0.0004638396
1663	0.001426929
1664	0.001097739
1665	0.00047182379999999996
1666	0.00045314339999999995
1667	0.00038936339999999997
1668	0.0006005492
1669	0.0009199350999999999
1670	0.00602317
1671	0.008449405
1672	0.008419312
1673	0.00546417
1674	0.004918613
1675	0.007516404
1676	0.02851263
1677	0.0027997259999999998
1678	0.0005021025
1679	3.615765e-05
1680	2.919277e-05
1681	3.490388e-05
1682	5.712816999999999e-05
1683	5.582821999999999e-05
1684	6.552086999999999e-05
1685	7.61879e-05
1686	9.118690999999999e-05
1687	0.00010683229999999999
1688	0.0001231719
1689	0.00013806219999999998
1690	0.0001546927
1691	0.00032046099999999997
1692	0.003998995
1693	0.01125035
1694	0.01377774
1695	0.02288021
1696	0.07648386
1697	0.11639939999999999
1698	0.07496053
1699	0.08930547
1700	0.10640050000000001
1701	0.0874142
1702	0.07756374
1703	0.06902868
1704	0.04200927
1705	0.02508887
1706	0.006244692
1707	0.0030567109999999997
1708	0.001807618
1709	0.0007697589
1710	0.00037568510000000004
1711	0.0002294725
1712	0.0005027632
1713	0.0007732221000000001
1714	0.001059459
1715	0.0009232174000000001
1716	0.0006090585
1717	1.620616e-05
1718	6.013393999999999e-06
1719	7.737246e-06
1720	9.036827e-06
1721	1.499487e-05
1722	2.37942e-05
1723	1.158993e-05
1724	3.365451e-06
1725	7.189675999999999e-05
1726	2.212531e-06
1727	1.387331e-06
1728	2.599133e-06
1729	2.31445e-06
1730	2.035736e-06
1731	3.144494e-07
1732	4.541043e-08
1733	1.228927e-07
1734	1.227042e-07
1735	1.3819079999999999e-07
1736	1.2726950000000001e-07
1737	4.362513e-07
1738	1.108057e-05
1739	0.0006069730999999999
1740	0.00035316510000000005
1741	1.2115510000000002e-05
1742	1.175084e-06
1743	9.608542e-07
1744	1.031493e-06
1745	6.006891e-06
1746	0.0012820519999999999
1747	0.01529486
1748	0.0300842
1749	0.04480465
1750	0.0003164359
1751	0.0001771668
1752	0.00020292729999999998
1753	0.0001428574
1754	0.0002106426
1755	8.380564e-05
1756	0.00040900199999999994
1757	0.0006221356
1758	0.0006043153
1759	0.0005898892
1760	9.855723e-05
1761	4.9233159999999995e-06
1762	7.896911e-07
1763	8.229659e-05
1764	0.0001102876
1765	0.00010159299999999999
1766	8.922162000000001e-05
1767	7.646681e-05
1768	6.266201999999999e-05
1769	4.903014e-05
1770	3.552192e-05
1771	3.805472e-05
1772	1.9018900000000002e-05
1773	6.737016e-06
1774	7.574926e-06
1775	1.967852e-05
1776	0.0005372049
1777	0.001233757
1778	0.02896945
1779	0.0009435036
1780	0.0013091630000000001
1781	0.0006569964
1782	0.0009935055
1783	0.0013625170000000002
1784	0.002579819
1785	0.003115187
1786	0.003038035
1787	0.0005269121
1788	0.00056442
1789	0.0006764712
1790	0.00048417699999999997
1791	0.000439667
1792	0.0005037473
1793	0.0002205325
1794	0.0002619556
1795	0.0004505746
1796	0.0007264436
1797	0.0014020620000000001
1798	0.0016630829999999999
1799	0.0018266789999999999
1800	0.00164928
1801	0.006709993
1802	0.008616313
1803	0.05059041
1804	0.04529891
1805	0.01740279
1806	0.01072712
1807	0.0032783870000000002
1808	0.0030040390000000004
1809	0.0029568690000000004
1810	0.004733516
1811	0.005038809
1812	0.004548123
1813	0.005166313
1814	0.00598271
1815	0.006055001
1816	0.006502189
1817	0.007161169
1818	0.008836482
1819	0.00709203
1820	0.006758721
1821	0.03583281
1822	0.1240981
1823	0.13468770000000002
1824	0.1090627
1825	0.1072617
1826	0.110661
1827	0.01682453
1828	0.008379371
1829	0.007083417
1830	0.00637752
1831	0.005283124
1832	0.00550824
1833	0.005356311999999999
1834	0.005421739
1835	0.005390572
1836	0.005280323000000001
1837	0.005323195
1838	0.005325949
1839	7.353037e-05
1840	5.945395000000001e-05
1841	0.00016695029999999999
1842	0.001292184
1843	0.0020306070000000002
1844	0.0020519320000000002
1845	0.001929519
1846	0.0015655760000000002
1847	0.0004104064
1848	0.0001355072
1849	9.735176e-05
1850	0.0001006835
1851	0.001370101
1852	0.0001286282
1853	0.0001217095
1854	8.941738000000001e-05
1855	7.575389e-05
1856	9.917385e-05
1857	1.222374e-05
1858	1.2945570000000001e-06
1859	1.225315e-06
1860	1.218348e-06
1861	9.95788e-07
1862	6.854227e-07
1863	4.422062e-07
1864	2.3124679999999997e-07
1865	7.190824e-08
1866	2.503971e-07
1867	1.244096e-06
1868	0.00014663989999999998
1869	0.0008375425999999999
1870	0.002807435
1871	0.005008899
1872	0.0037226679999999997
1873	0.0052423090000000006
1874	0.004725555
1875	0.004591409
1876	5.4348359999999993e-05
1877	2.161817e-05
1878	3.273408e-06
1879	3.7767340000000003e-06
1880	1.927393e-06
1881	3.0175830000000003e-06
1882	4.5764e-06
1883	5.591529e-05
1884	5.480983e-05
1885	6.006525e-05
1886	5.8961750000000005e-05
1887	5.660458e-05
1888	5.274125e-05
1889	0.0005895437
1890	0.00039793690000000003
1891	0.003543945
1892	0.002230792
1893	0.001532602
1894	0.0002329511
1895	0.002143649
1896	0.001057157
1897	0.00035079699999999997
1898	0.00035957169999999996
1899	4.824775e-05
1900	4.316089e-05
1901	4.139585999999999e-05
1902	4.636809e-05
1903	6.672267e-05
1904	0.01029382
1905	0.01022273
1906	2.5785429999999998e-05
1907	7.607727e-06
1908	5.1703859999999995e-05
1909	0.00039386449999999996
1910	6.375707e-05
1911	4.880616e-06
1912	5.5861059999999995e-06
1913	8.295552e-06
1914	6.467805e-06
1915	3.7856040000000003e-06
1916	1.8458670000000001e-06
1917	2.963578e-06
1918	4.289485e-06
1919	9.888617e-06
1920	3.701396e-05
1921	0.0001342762
1922	0.0001953046
1923	0.0003790218
1924	0.0006611639
1925	0.0009567982000000001
1926	3.007719e-05
1927	6.416463999999999e-06
1928	7.79479e-05
1929	4.834510999999999e-05
1930	8.911246999999999e-06
1931	1.8323589999999998e-05
1932	6.5162459999999995e-06
1933	4.1447200000000003e-07
1934	1.4382999999999998e-07
1935	4.5944179999999996e-07
1936	1.256721e-06
1937	1.8339129999999998e-07
1938	1.3310629999999998e-07
1939	7.276482000000001e-08
1940	2.4689810000000004e-08
1941	1.8451079999999997e-07
1942	2.0282900000000003e-06
1943	2.0274969999999998e-06
1944	1.167905e-05
1945	0.0004675225
1946	0.00197776
1947	0.0048006229999999995
1948	0.005921246999999999
1949	0.002360048
1950	0.005154025
1951	0.01949611
1952	0.0312469
1953	0.05150749
1954	0.0654907
1955	0.04053586
1956	0.04490282
1957	0.04741354
1958	0.05181238
1959	0.05623275
1960	0.05566594
1961	0.06009662
1962	0.06446952
1963	0.01079633
1964	0.0009987305
1965	0.0001218925
1966	0.0001950645
1967	0.0001238287
1968	0.0001206318
1969	0.0001324724
1970	0.0001705744
1971	0.000176937
1972	0.00019262330000000002
1973	0.00022104900000000002
1974	0.0002350482
1975	0.000246513
1976	0.0003862468
1977	0.0004616797
1978	0.005537856999999999
1979	0.02152276
1980	0.07670214
1981	0.2611133
1982	0.2854501
1983	0.3415001
1984	0.08477457
1985	0.07781777
1986	0.06976118
1987	0.05467794
1988	0.07608641
1989	0.05898505
1990	0.04307969
1991	0.03418375
1992	0.03021231
1993	0.02510133
1994	0.01840464
1995	0.01349651
1996	0.00102603
1997	0.0001421783
1998	0.0001231378
1999	0.00011067709999999999
2000	0.00010513969999999999
2001	0.00010138959999999999
2002	0.0001430132
2003	1.7722420000000003e-05
2004	1.141219e-05
2005	4.246601e-05
2006	0.0002204457
2007	0.0002234257
2008	0.0002241218
2009	0.0002219096
2010	0.0002650637
2011	0.0003560826
2012	0.0005456281
2013	0.0004770776
2014	0.0004155538
2015	8.348749e-05
2016	9.942062e-05
2017	0.0008509489
2018	0.001552924
2019	0.01299166
2020	0.006357398
2021	0.007395279
2022	0.008513235
2023	0.009518036
2024	0.01083192
2025	0.01175838
2026	0.0137779
2027	0.01626122
2028	0.01831977
2029	0.02218897
2030	0.03449908
2031	0.03971932
2032	0.01217705
2033	0.12730650000000002
2034	0.1148925
2035	0.1361596
2036	0.12443530000000001
2037	0.11524489999999998
2038	0.01264605
2039	0.0003455541
2040	4.764447e-05
2041	4.231524e-05
2042	4.256281e-05
2043	5.07673e-05
2044	5.035782e-05
2045	5.227225e-05
2046	2.169096e-06
2047	7.719556e-07
2048	8.027945e-07
2049	9.023771e-07
2050	1.008965e-06
2051	4.018142e-07
2052	9.531479e-07
2053	2.019273e-05
2054	0.0005421272000000001
2055	0.002424883
2056	0.002249203
2057	0.0020047479999999998
2058	0.00176203
2059	0.0015277189999999999
2060	0.002458386
2061	0.03652129
2062	0.02997946
2063	0.02030488
2064	0.01312354
2065	0.01205439
2066	0.02166761
2067	0.007301359
2068	0.003887507
2069	0.0038479670000000003
2070	0.003942229
2071	0.004314296
2072	0.004804631
2073	0.002736347
2074	0.002453113
2075	0.0024914570000000003
2076	0.002459067
2077	0.002475244
2078	0.0027080190000000003
2079	0.009355114
2080	0.008621428
2081	0.007516737
2082	0.007492771999999999
2083	0.01436747
2084	0.06553475
2085	0.08540758
2086	0.08199267
2087	0.07585589999999999
2088	0.012949100000000002
2089	0.001319865
2090	9.055928e-05
2091	8.181930999999999e-05
2092	6.693619000000001e-05
2093	6.487020000000001e-05
2094	6.364953000000001e-05
2095	6.497399999999999e-05
2096	6.777702e-05
2097	7.303717e-05
2098	7.57075e-05
2099	4.46838e-05
2100	5.9235600000000006e-05
2101	5.986835e-05
2102	3.3734740000000004e-05
2103	0.0006844464
2104	0.0007816286999999999
2105	0.002062102
2106	0.00255569
2107	0.0012088630000000001
2108	0.001761153
2109	0.001110348
2110	0.0008494011999999999
2111	0.0006057224
2112	0.0003000088
2113	0.0002351861
2114	0.00019109229999999999
2115	0.0002075534
2116	0.0002228996
2117	0.0002232213
2118	0.00042816260000000004
2119	0.0005230056
2120	0.003657275
2121	0.001248982
2122	0.002447186
2123	0.0048271979999999996
2124	0.00598328
2125	0.00415416
2126	0.004026752
2127	0.0042748379999999996
2128	0.004582554
2129	0.02941146
2130	0.022486700000000002
2131	0.01991524
2132	0.007478467
2133	0.0044318429999999995
2134	0.00168805
2135	0.001419121
2136	0.0016018179999999999
2137	0.001246585
2138	0.0012456289999999998
2139	0.0010768960000000001
2140	0.001065527
2141	0.0014181229999999999
2142	0.002233326
2143	0.002441446
2144	0.002884687
2145	0.003311965
2146	0.002170929
2147	0.0041340629999999995
2148	0.001064317
2149	0.0005609475
2150	0.0005261755
2151	0.0004091715
2152	0.0001272794
2153	5.405966e-05
2154	4.7503720000000005e-05
2155	3.901385e-05
2156	5.6899609999999994e-05
2157	9.251824e-05
2158	9.366735000000001e-05
2159	0.0001482786
2160	0.0001025008
2161	7.201281e-05
2162	9.927578000000001e-05
2163	0.0003498588
2164	0.0004782486
2165	0.0049627609999999996
2166	0.004730092
2167	0.01072107
2168	0.01829292
2169	0.004282004
2170	0.002800055
2171	0.002276621
2172	0.002224166
2173	0.001807873
2174	0.001217279
2175	0.0008618697
2176	0.0005136155
2177	0.0003779522
2178	0.0003898153
2179	0.0003524478
2180	0.00034486410000000004
2181	0.0003540947
2182	0.0003618644
2183	0.0006403501000000001
2184	0.0011132380000000001
2185	0.008306658
2186	0.003071035
2187	0.01564875
2188	0.02886858
2189	0.00044343080000000003
2190	0.000417515
2191	1.777554e-05
2192	1.808066e-06
2193	1.551313e-06
2194	1.971018e-06
2195	2.001321e-06
2196	2.411646e-06
2197	5.183505e-06
2198	1.0615830000000001e-05
2199	6.715562999999999e-06
2200	2.433213e-06
2201	3.811817e-07
2202	2.447306e-07
2203	1.332631e-07
2204	2.9484409999999996e-07
2205	4.7229539999999995e-06
2206	2.1671660000000002e-05
2207	3.0328809999999997e-05
2208	2.9609809999999996e-05
2209	2.9575809999999996e-05
2210	3.01956e-05
2211	1.524598e-05
2212	3.8558190000000005e-07
2213	1.661394e-07
2214	1.9557790000000001e-07
2215	2.2974729999999998e-07
2216	3.768869e-07
2217	3.2848039999999996e-06
2218	6.0733240000000006e-05
2219	0.0008980428999999999
2220	0.001796045
2221	0.002712707
2222	0.004261509
2223	0.08632426
2224	0.07434004
2225	0.06261396
2226	0.05768235
2227	0.05730117
2228	0.0025692479999999997
2229	3.952946e-05
2230	3.535446e-06
2231	3.571026e-06
2232	3.8683019999999995e-06
2233	4.1540640000000004e-06
2234	4.389771e-06
2235	4.690867e-06
2236	2.919826e-06
2237	7.099564000000001e-07
2238	6.327238e-07
2239	3.970551e-08
2240	1.704055e-08
2241	4.198069e-09
2242	1.367416e-07
2243	4.1698930000000005e-06
2244	0.0002893751
2245	0.0012580999999999998
2246	0.0011542310000000001
2247	0.00037894970000000003
2248	0.0001420739
2249	2.7895240000000003e-05
2250	2.661435e-05
2251	4.233581e-05
2252	7.484961999999999e-05
2253	0.0005587095
2254	0.004191829
2255	0.01050628
2256	0.02081275
2257	0.03144057
2258	0.002121028
2259	0.00204887
2260	0.0024127239999999998
2261	0.002620696
2262	0.0028699759999999998
2263	0.003311836
2264	0.0038559429999999997
2265	0.004831065
2266	0.01072974
2267	0.0051518779999999995
2268	5.8754280000000006e-05
2269	9.74282e-05
2270	9.852666e-06
2271	5.436504e-06
2272	3.611857e-06
2273	2.6556760000000004e-06
2274	1.845849e-06
2275	9.633084000000001e-07
2276	1.143086e-06
2277	1.127012e-06
2278	1.067687e-06
2279	9.366179e-07
2280	1.652332e-06
2281	1.52743e-06
2282	2.158459e-05
2283	0.0016286929999999999
2284	0.004925037
2285	0.009975161
2286	0.01682358
2287	0.02493947
2288	0.03303627
2289	0.05805041
2290	0.06591078
2291	0.08816286
2292	0.09649019
2293	0.107678
2294	0.1143644
2295	0.1281028
2296	0.1524115
2297	0.23611010000000002
2298	0.2132605
2299	0.1224894
2300	0.07429398
2301	0.06161234
2302	0.04192122
2303	0.02939053
2304	0.02269271
2305	0.01780562
2306	0.01293173
2307	0.007990777
2308	0.003944109
2309	0.0007010422999999999
2310	0.00019637040000000002
2311	0.00023048560000000001
2312	0.0001894159
2313	0.0001368543
2314	9.766226999999999e-05
2315	0.0001026507
2316	8.983238000000002e-05
2317	5.15649e-05
2318	0.000305842
2319	0.001052328
2320	0.00180016
2321	0.003264603
2322	0.0017096820000000001
2323	0.0018945960000000001
2324	0.002827437
2325	0.004244917
2326	0.005558865
2327	0.007046212
2328	0.012878200000000001
2329	0.01660076
2330	0.01952918
2331	0.0381242
2332	0.04955279
2333	0.0668502
2334	0.05599683
2335	0.06677661
2336	0.1022466
2337	0.2232652
2338	0.21861660000000002
2339	0.2147985
2340	0.21514270000000002
2341	0.22117110000000004
2342	0.1062507
2343	0.05207669
2344	0.02543965
2345	0.01397828
2346	0.005838596999999999
2347	0.0031871029999999997
2348	0.002831792
2349	0.002982148
2350	0.004118769
2351	0.004972168
2352	0.004338641
2353	0.002981808
2354	0.001819593
2355	0.001342956
2356	0.001095639
2357	0.0009962444
2358	0.001025356
2359	0.001627706
2360	0.0030838090000000003
2361	0.01369521
2362	0.02297329
2363	0.01997297
2364	0.01455496
2365	0.01117194
2366	0.0076400619999999995
2367	0.004643041
2368	0.002420289
2369	0.001165705
2370	0.0007316895
2371	0.0006358915
2372	0.0006322258
2373	0.0005939229
2374	0.0004091228
2375	0.00031950450000000003
2376	0.00021728990000000002
2377	0.00018574009999999997
2378	0.0002020752
2379	0.00016516409999999999
2380	0.00017098919999999999
2381	0.0002887126
2382	0.0007636482000000001
2383	0.0020017579999999997
2384	0.009193142
2385	0.02343302
2386	0.02344684
2387	0.02480212
2388	0.01488768
2389	0.01336082
2390	0.01647093
2391	0.03456633
2392	0.03320012
2393	0.03202697
2394	0.09151799999999999
2395	0.3337884
2396	0.3170261
2397	0.2940182
2398	0.26614299999999996
2399	0.23436089999999998
2400	0.1994141
2401	0.15863570000000002
2402	0.1110254
2403	0.06417383
2404	0.01527115
2405	0.005598715
2406	0.005539548
2407	0.005641665
2408	0.005432644
2409	0.005364729
2410	0.005135667
2411	0.005078415
2412	0.005158374
