end	14
1	0.9755562
2	0.9143819999999999
3	0.8893459999999999
4	0.8892515
5	0.6028815
6	0.5983389
7	0.5961098000000001
8	0.5931281999999999
9	0.5838821999999999
10	0.5831622
11	0.5803543999999999
12	0.05491448
13	0.01550084
14	0.009826201
15	0.007367521
16	0.006958843
17	0.0059072180000000005
18	0.005982423000000001
19	0.006425018
20	0.00682289
21	0.006462025
22	0.006648956
23	0.006815855
24	0.0069340719999999995
25	0.007100825
26	0.01324102
27	0.02955844
28	0.008557462
29	0.0008922203999999999
30	0.001122465
31	0.002012086
32	0.0022176739999999998
33	0.01262069
34	0.000250145
35	0.0002476842
36	0.0002809525
37	0.000240703
38	9.413771999999999e-05
39	7.035433000000001e-05
40	6.005724e-05
41	3.8644169999999996e-05
42	6.130815e-06
43	2.449267e-05
44	4.401019e-05
45	6.270218000000001e-05
46	7.725521999999999e-05
47	9.385249e-05
48	0.000262952
49	0.0003081286
50	0.0004212221
51	0.0005889423000000001
52	0.001024505
53	0.0018810670000000002
54	0.007274607
55	0.04237912
56	0.0010053739999999999
57	0.0007074208
58	0.0009411824000000001
59	0.001122949
60	0.0002475132
61	0.0002471432
62	0.0003072226
63	0.00042779559999999995
64	0.00047558269999999997
65	0.0006972014
66	0.0014217879999999998
67	0.001389604
68	0.0007237172999999999
69	0.0003922911
70	0.0006063379
71	0.0008350972999999999
72	0.001295514
73	0.002883722
74	0.3972156
75	0.390901
76	0.006066630999999999
77	0.01563124
78	0.0015842439999999998
79	0.001538475
80	0.001690633
81	0.002027181
82	0.00214266
83	0.002631155
84	0.003032702
85	0.003329349
86	0.003556911
87	0.005567002
88	0.005788615
89	0.0040531890000000004
90	0.0058294309999999995
91	0.0072620259999999996
92	0.01448908
93	0.02589333
94	0.1896477
95	0.22761460000000003
96	0.3534449
97	0.34746079999999996
98	0.35208059999999997
99	0.3280304
100	0.3153978
101	0.2977512
102	0.06329184
103	0.01306645
104	0.008021577
105	0.0072989859999999995
106	0.007248887
107	0.007097598
108	0.007099988000000001
109	0.007098221
110	0.006950483
111	0.006654673000000001
112	0.00649957
113	0.0044879709999999995
114	0.004083171
115	0.003382569
116	0.0037709590000000004
117	0.0196636
118	0.09947862
119	0.07486024
120	0.07499258
121	0.03806457
122	0.03615125
123	0.03621942
124	0.02394086
125	0.02416263
126	0.02533521
127	0.002184405
128	0.000995028
129	0.00016431830000000002
130	2.039644e-05
131	1.2986010000000001e-05
132	8.008567000000001e-06
133	4.667535e-06
134	3.407369e-06
135	1.7960140000000002e-06
136	2.423363e-06
137	1.97828e-06
138	2.0012400000000003e-06
139	5.979496e-07
140	3.062403e-07
141	4.6195e-07
142	6.033105e-07
143	1.1997910000000001e-05
144	2.3180079999999997e-05
145	4.509188e-05
146	6.48971e-06
147	2.391308e-05
148	8.31982e-06
149	1.461651e-05
150	7.18465e-06
151	6.4027210000000005e-06
152	2.590107e-06
153	4.559884e-06
154	4.564819e-06
155	9.402255e-06
156	1.885822e-05
157	6.968300000000001e-06
158	3.4674819999999998e-06
159	3.353342e-06
160	3.313028e-06
161	8.21339e-06
162	0.0001800825
163	0.0002736671
164	0.0015259960000000002
165	0.0013203479999999998
166	0.001289683
167	0.003179318
168	0.00277388
169	0.003135077
170	0.00107753
171	0.0002472229
172	6.917696999999999e-05
173	0.001403503
174	0.001903261
175	0.00191468
176	0.001887059
177	0.0005374859
178	2.0993070000000002e-05
179	5.7688350000000005e-06
180	3.531725e-06
181	3.438108e-05
182	0.007415436
183	0.007332176
184	3.85147e-05
185	4.2504090000000005e-05
186	0.000155613
187	0.00043188849999999996
188	0.0009551601
189	0.00100442
190	0.0014832060000000002
191	0.004663607
192	0.00016811200000000002
193	4.34404e-05
194	9.256703e-06
195	6.727487999999999e-06
196	5.24105e-06
197	4.189148e-06
198	3.925371e-06
199	3.845187e-06
200	1.626609e-05
201	3.331103e-05
202	3.266061e-05
203	3.636717e-05
204	4.127241e-05
205	3.270485e-05
206	0.0001434728
207	0.00198576
208	0.006193039
209	0.01142356
210	0.01636578
211	0.02139208
212	0.02858604
213	0.04298791
214	0.10797160000000001
215	0.02785681
216	0.006865484
217	0.003060522
218	0.0012388219999999999
219	0.001124412
220	0.0007957438000000001
221	0.00047959379999999995
222	0.00028960520000000003
223	0.0002053007
224	0.0001380709
225	9.749563e-05
226	5.93179e-05
227	4.5486990000000006e-05
228	3.3260859999999996e-05
229	4.650931e-06
230	2.095606e-07
231	5.107483e-07
232	3.001444e-06
233	1.441105e-06
234	5.470998e-07
235	6.172561999999999e-07
236	8.78364e-06
237	9.131407000000001e-06
238	7.376612e-06
239	2.9244409999999998e-05
240	3.1141e-05
241	3.120527e-05
242	0.0001379218
243	0.0001485751
244	0.002418576
245	0.017111599999999998
246	0.01675689
247	0.019309
248	0.01767052
249	0.01747215
250	0.01986477
251	0.0631857
252	0.03114771
253	0.01688016
254	0.25725929999999997
255	0.2615082
256	0.2610143
257	0.01519395
258	0.01451125
259	0.01166412
260	0.04945779
261	0.05917233
262	0.03521305
263	0.04581901
264	0.05603846
265	0.01816064
266	0.02153509
267	0.023373400000000003
268	0.0063382659999999995
269	0.0006516586
270	0.0002700637
271	8.90405e-05
272	8.581683000000001e-05
273	0.00016433900000000003
274	0.00016204889999999999
275	0.000144666
276	0.0002270703
277	0.0005940026
278	0.0003882989
279	0.00042448050000000004
280	5.917775e-06
281	2.417179e-07
282	5.731658e-07
283	2.305023e-06
284	1.1192269999999999e-05
285	3.2160559999999996e-05
286	1.523828e-06
287	5.435751999999999e-07
288	6.327491e-07
289	5.945728e-07
290	5.598563000000001e-07
291	5.259689e-07
292	5.106034000000001e-07
293	1.462792e-06
294	0.0001250432
295	0.01785383
296	0.02893702
297	0.02090366
298	0.01373114
299	0.01627331
300	0.01526951
301	0.01154921
302	0.006806599
303	0.00024933130000000004
304	4.2238100000000005e-05
305	5.5156149999999995e-05
306	1.57629e-05
307	1.748531e-05
308	6.650616999999999e-06
309	3.747482e-06
310	4.383184e-06
311	2.0391189999999998e-05
312	2.07571e-05
313	2.2107510000000002e-05
314	2.356632e-05
315	2.554183e-05
316	3.7418940000000005e-05
317	0.0004356529
318	0.0006739944
319	0.03391793
320	0.02724628
321	0.01953943
322	0.01414839
323	0.011567299999999999
324	0.02836309
325	0.015499500000000001
326	0.01073749
327	0.0008457061
328	0.0002825636
329	0.00023935169999999997
330	0.0001387115
331	0.0001444111
332	0.00020913150000000002
333	0.000277416
334	0.0003707384
335	0.0004033614
336	0.00015447
337	0.0002138772
338	0.00025147259999999997
339	0.0002867608
340	0.00038374199999999996
341	0.001658875
342	0.02006576
343	0.03590325
344	0.04809767
345	0.05430268
346	0.03346696
347	0.03362554
348	0.03046038
349	0.03254184
350	0.03056263
351	0.00136313
352	9.525879e-05
353	8.224179e-05
354	0.0001033224
355	6.569350999999999e-05
356	4.550997e-05
357	5.557552e-05
358	6.841997e-05
359	6.914772e-05
360	6.741346999999999e-05
361	9.164106e-05
362	5.5724069999999995e-05
363	5.830419999999999e-06
364	3.6130950000000003e-06
365	6.5645640000000005e-06
366	2.730031e-05
367	4.874041e-05
368	5.428059e-05
369	6.459483e-05
370	0.0002553544
371	0.00037427879999999997
372	0.0005908885
373	0.0007811236999999999
374	0.0010776639999999999
375	0.00035731660000000003
376	0.0001320376
377	0.00015905879999999998
378	0.00023282
379	0.0001977574
380	0.00028102060000000003
381	0.0006091897
382	0.0009810486
383	0.001158274
384	0.0016134020000000001
385	0.0042586329999999995
386	0.004534865999999999
387	0.005026819
388	0.006019139000000001
389	0.005472638
390	0.01277799
391	0.0032876159999999997
392	0.002304206
393	0.002411041
394	0.00306366
395	0.004306995
396	0.01111609
397	0.006381611999999999
398	0.007965996
399	0.005634064
400	0.0038668590000000003
401	0.001889667
402	0.0010221689999999999
403	0.0006535463
404	0.0005466374
405	0.000516974
406	0.0003955104
407	0.0005852068
408	0.001148877
409	0.0007375824
410	0.000324306
411	5.304132e-05
412	4.15351e-05
413	4.5804390000000004e-05
414	9.428011e-05
415	1.04246e-05
416	1.828372e-05
417	2.7078890000000002e-05
418	4.954027e-05
419	7.948804e-05
420	2.29429e-05
421	1.2483310000000002e-05
422	1.577414e-05
423	1.8023629999999997e-05
424	2.679762e-05
425	3.0317070000000003e-05
426	4.494872e-05
427	6.984415e-05
428	9.859671999999999e-05
429	0.0009057468
430	0.003590743
431	0.009447657
432	0.02658918
433	0.02550039
434	0.02710035
435	0.002346707
436	0.001154154
437	0.0026652620000000003
438	0.0020196
439	0.001959575
440	0.0019748820000000003
441	0.001247355
442	0.0007324108
443	0.0006465959999999999
444	0.0004071472
445	0.0004124539
446	0.00045506160000000003
447	0.0004574085
448	0.000531849
449	0.0003505618
450	0.0016888970000000002
451	0.01035395
452	0.05739251
453	0.04053865
454	0.02863808
455	0.01779798
456	0.009265566999999999
457	0.008472214
458	0.007036542
459	0.006550703000000001
460	0.01505921
461	0.008242618
462	0.001919597
463	0.001516629
464	0.0009295716999999999
465	0.00017788169999999998
466	6.128573e-06
467	6.972343000000001e-05
468	0.0001530704
469	7.546586999999999e-05
470	9.572668e-07
471	1.0995799999999999e-05
472	1.100702e-05
473	1.08649e-05
474	3.1517810000000004e-08
475	5.5060050000000006e-09
476	2.4314369999999997e-08
477	2.9532540000000003e-08
478	4.666075e-08
479	7.887656e-08
480	1.824155e-07
481	2.703637e-08
482	3.9174759999999997e-07
483	1.328943e-08
484	5.072086e-07
485	1.676528e-06
486	2.446959e-06
487	8.158938000000001e-06
488	1.843841e-05
489	5.881501999999999e-05
490	3.6190659999999996e-05
491	5.6505030000000004e-05
492	8.499151e-05
493	8.873308000000001e-05
494	0.0007274563999999999
495	0.0017140789999999999
496	0.006334047
497	0.007680256
498	0.009888961
499	0.01500479
500	0.005638228
501	0.003986674
502	0.0027298879999999998
503	0.008118438
504	0.005522809
505	0.004393839
506	0.0028910209999999997
507	0.0014002079999999998
508	0.00031148060000000003
509	0.0002949198
510	0.0002882806
511	3.5211929999999996e-05
512	1.401162e-05
513	1.3285629999999999e-05
514	7.348073e-06
515	1.2207160000000001e-05
516	2.5877649999999998e-05
517	2.2980439999999997e-05
518	1.598968e-05
519	9.983348e-06
520	5.452065e-05
521	0.0005295382
522	0.001714306
523	0.002873182
524	0.08769771
525	0.1015973
526	0.10660750000000001
527	0.1118785
528	0.12182370000000001
529	0.03812081
530	0.03664225
531	0.02488608
532	0.0063070819999999994
533	0.005210165
534	0.005659346
535	0.006403764
536	0.0069258209999999995
537	0.00748658
538	0.004846714
539	0.005338621
540	0.00027729240000000003
541	0.0002490546
542	0.0002544148
543	0.0001892082
544	0.0001971939
545	0.00030430830000000004
546	0.0005300986
547	0.0009843585
548	0.002139481
549	0.0062011290000000005
550	0.01223015
551	0.01127065
552	0.01195513
553	0.02313738
554	0.01276454
555	0.01472697
556	0.018616900000000002
557	0.01017949
558	0.001479985
559	3.821491e-05
560	3.672234e-05
561	1.689453e-05
562	2.8470159999999998e-05
563	2.784156e-05
564	1.305344e-05
565	1.314141e-05
566	1.1521880000000001e-05
567	1.749993e-05
568	2.6516020000000003e-05
569	2.418193e-05
570	2.3462820000000003e-05
571	0.0001950128
572	0.01773016
573	0.01872375
574	0.09046503
575	0.1078836
576	0.1193138
577	0.01922902
578	0.001427246
579	0.001103755
580	0.0014149310000000001
581	0.001727725
582	0.0020427329999999997
583	0.00019902810000000003
584	4.337141e-05
585	7.317713e-06
586	7.098749e-06
587	6.003997000000001e-06
588	6.392827e-06
589	6.088668e-06
590	5.878603000000001e-06
591	5.691826999999999e-06
592	4.100396e-05
593	0.0009831125
594	0.01827353
595	0.01868068
596	0.01773443
597	0.01668741
598	0.0160884
599	0.02296185
600	0.030840899999999997
601	0.04048155
602	0.07828323
603	0.10783759999999999
604	0.05579828
605	0.04198993
606	0.04465575
607	0.04848194
608	0.08248462
609	0.05234433
610	0.023091900000000002
611	0.01020368
612	0.001752766
613	0.0003048881
614	0.0002972098
615	0.00018716369999999998
616	0.00019006389999999998
617	0.0001479219
618	0.0001281692
619	0.0001438804
620	0.0001441173
621	0.0001480606
622	0.0001567672
623	0.0001602768
624	0.0001639787
625	0.00019582060000000002
626	0.00182876
627	0.2376453
628	0.22533089999999997
629	0.4969679
630	0.46413679999999996
631	0.43513690000000005
632	0.44880109999999995
633	0.4320897
634	0.4114858
635	0.3164009
636	0.27225320000000003
637	0.11960719999999998
638	0.09464512
639	0.07429059
640	0.05343825
641	0.03184
642	0.01742586
643	0.01146152
644	0.01289814
645	0.01121717
646	0.01025226
647	0.00951488
648	0.008661212
649	0.0076464409999999995
650	0.006745571
651	0.002377764
652	0.005245102
653	0.003204687
654	0.002152554
655	0.002694921
656	0.0027779429999999997
657	0.0054793
658	0.007178574
659	0.0070867659999999996
660	0.006506728000000001
661	0.0063747990000000004
662	0.006390894
663	0.0077916719999999995
664	0.006407793
665	0.006529477
666	0.01738874
667	0.02768673
668	0.07822961
669	0.22710660000000002
670	0.2309447
671	0.23112729999999998
