end	14
1	0.9987978000000001
2	0.9848620000000001
3	0.9130459999999999
4	0.8619757
5	0.8618049000000001
6	0.8615697
7	0.8610631
8	0.8490514000000001
9	0.8176293
10	0.8175958999999999
11	0.0118727
12	0.0014169179999999999
13	0.0005233912000000001
14	0.0003466013
15	0.00035252190000000004
16	0.0001551833
17	0.000151008
18	0.0001480733
19	0.0001350758
20	0.0001645094
21	0.0001965275
22	7.064499e-05
23	1.66273e-06
24	1.911842e-06
25	8.427812e-06
26	3.552799e-05
27	6.795073000000001e-05
28	9.990483e-05
29	0.000128267
30	0.000173809
31	0.0002362614
32	0.00025627150000000003
33	0.00026296580000000004
34	0.0002289345
35	0.00023988990000000003
36	0.0003520625
37	0.0026895340000000004
38	0.00317027
39	0.004078875
40	0.004869282
41	0.0004660341
42	0.0007073918
43	0.0007353046000000001
44	0.0007721806
45	0.0007684789
46	0.0008305664
47	0.0009215336
48	0.0009589232
49	0.0008174749000000001
50	0.0007470736999999999
51	0.004461196
52	0.0069982759999999995
53	0.00351572
54	0.003490337
55	0.006299567
56	0.01552802
57	0.02159986
58	0.03549406
59	0.09615612
60	0.08930345
61	0.04905134
62	0.04710393
63	0.0037053040000000004
64	0.00403584
65	0.003702956
66	0.003286903
67	0.004630998
68	0.01399303
69	0.01544461
70	0.01658894
71	0.01879398
72	0.02083144
73	0.025094599999999998
74	0.02600767
75	0.02441794
76	0.02485141
77	0.01092634
78	0.0008722238
79	0.0001852222
80	3.760236e-05
81	3.262355e-05
82	3.2039520000000005e-05
83	2.916922e-05
84	5.380394e-06
85	3.900607e-06
86	2.8140339999999997e-06
87	1.536642e-06
88	1.525621e-07
89	1.159729e-07
90	1.798575e-07
91	2.8043209999999997e-07
92	2.909782e-07
93	3.0443829999999997e-07
94	3.2397590000000002e-06
95	4.156807e-05
96	4.011484000000001e-05
97	4.5592250000000004e-05
98	3.962845999999999e-05
99	7.796556e-06
100	9.976392e-06
101	6.522501e-06
102	1.793901e-05
103	6.296802e-05
104	7.527805e-05
105	6.021708000000001e-05
106	1.881355e-05
107	2.1379879999999997e-05
108	2.5094629999999997e-05
109	2.7733059999999994e-05
110	3.100579e-05
111	3.464619e-05
112	7.301011e-05
113	0.0014139929999999999
114	0.0001041322
115	0.0001790907
116	0.0004949131
117	0.00048328980000000003
118	0.0005541895
119	0.0005188318
120	0.0006782975
121	0.0009343747
122	0.01369099
123	0.01481671
124	0.01540224
125	0.01801295
126	0.02316348
127	0.01620593
128	0.01355701
129	0.01519389
130	0.01240284
131	0.01722449
132	0.017847
133	0.02050678
134	0.06524975
135	0.06667191
136	0.07158469
137	0.07095327
138	0.06917381
139	0.07052091
140	0.06569514
141	0.07213453
142	0.07562041
143	0.01539739
144	0.01962196
145	0.01887891
146	0.08620709
147	0.07555286
148	0.04330853
149	0.03659658
150	0.03084875
151	0.01794491
152	0.01888241
153	0.02052325
154	0.02388878
155	0.02571974
156	0.02709087
157	0.005514906
158	0.07827558
159	0.08021069
160	0.07955252
161	0.07897848
162	0.08197466
163	0.08036422
164	0.005557441
165	0.01191799
166	0.005106195
167	0.000862336
168	0.000726437
169	0.0007406128
170	0.0005544628
171	0.00022975869999999999
172	5.783421e-05
173	2.9513729999999997e-06
174	6.702958000000001e-07
175	6.81054e-07
176	7.493548e-07
177	8.030265e-07
178	4.934501e-07
179	5.867693000000001e-07
180	8.621604999999999e-07
181	5.506821e-06
182	2.878269e-05
183	2.773522e-05
184	2.474721e-05
185	1.76976e-05
186	7.299143e-05
187	0.008888579
188	0.00638734
189	0.008529265
190	0.005778409
191	0.003776576
192	0.003676896
193	0.0036217690000000004
194	0.00283317
195	0.0013312620000000002
196	0.0004775513
197	0.0004114892
198	3.554452e-05
199	1.408021e-05
200	8.730333e-06
201	1.34974e-05
202	2.6659140000000003e-05
203	4.019204e-05
204	9.338708000000001e-05
205	0.0001618982
206	0.0001228921
207	0.0001267826
208	7.567354e-05
209	0.0003774647
210	0.0007509119
211	0.001095413
212	0.004366448
213	0.007350228
214	0.01264911
215	0.008921990999999999
216	0.01056533
217	0.01451018
218	0.01601807
219	0.01860253
220	0.03879269
221	0.11351589999999999
222	0.1637764
223	0.16445839999999998
224	0.1521465
225	0.10708859999999999
226	0.0910959
227	0.09213133
228	0.0877315
229	0.08853209
230	0.08218675
231	0.07512787
232	0.06515879
233	0.06118067
234	0.07237466
235	0.07123042
236	0.08042528
237	0.07260834
238	0.06285352
239	0.05783127
240	0.06664406
241	0.052828499999999994
242	0.05196059
243	0.0430723
244	0.006470991
245	0.00152034
246	0.001242069
247	0.001305161
248	0.001351861
249	0.0005755965
250	0.0005293313
251	0.0005471331
252	0.0001116608
253	0.00011185549999999999
254	0.0001286307
255	2.0852979999999997e-05
256	1.810363e-05
257	1.531511e-05
258	3.4966190000000003e-05
259	0.0001128121
260	0.003098659
261	0.002161639
262	0.0003211765
263	6.189946999999999e-05
264	0.00017979689999999998
265	0.0001805641
266	0.0002390002
267	0.00032852730000000006
268	0.000814298
269	0.0015515560000000002
270	0.002127157
271	0.002755311
272	0.003361587
273	0.004080854
274	0.005785818000000001
275	0.004396324
276	0.0005603953
277	0.0026228320000000003
278	0.0009902908999999999
279	0.0008098612
280	0.0008337567999999999
281	0.000879766
282	0.0009321846000000001
283	0.0008698873
284	0.0008601936
285	0.0008312591
286	0.0008008914
287	0.0008150839
288	0.0004807829
289	0.00046366830000000003
290	0.0006683435
291	0.0060048869999999996
292	0.01177953
293	0.05949423
294	0.05885844
295	0.04955685
296	0.03177222
297	0.02273844
298	0.02411239
299	0.02354726
300	0.02388213
301	0.02484646
302	0.0349022
303	0.04541491
304	0.05607090000000001
305	0.06133979
306	0.07140717
307	0.08079555
308	0.07541123
309	0.08294375
310	0.02275285
311	0.05238113
312	0.01851471
313	0.01901809
314	0.02798706
315	0.04838523
316	0.03990471
317	0.03303071
318	0.02818125
319	0.02436778
320	0.01880876
321	0.008473856
322	0.003904436
323	0.0010500260000000001
324	0.0006001865
325	0.0006128541000000001
326	0.001019557
327	0.00133238
328	0.001289047
329	0.001475862
330	0.001517451
331	0.001746215
332	0.0013445879999999999
333	0.0006088886
334	0.0002447359
335	0.0008798078999999999
336	0.0009404891999999999
337	0.001741876
338	0.005669855
339	0.01158987
340	0.01074191
341	0.01787296
342	0.0201074
343	0.02072052
344	0.01103421
345	0.008827524
346	0.08591935
347	0.004400466
348	0.002312579
349	0.002239586
350	0.0022459710000000003
351	0.001120155
352	0.0005177507
353	0.00031231200000000003
354	0.00031167529999999997
355	0.0002922486
356	0.0002913986
357	0.00028856979999999997
358	0.0003253184
359	0.00037308160000000003
360	0.00040479629999999996
361	0.0001647118
362	0.002199524
363	0.002129103
364	0.002352595
365	0.002711647
366	0.1975604
367	0.213035
368	0.2215435
369	0.2179478
370	0.2153337
371	0.01942601
372	0.02710998
373	0.04758647
374	0.04200647
375	0.04607949
376	0.05645306
377	0.06033002
378	0.06726293
379	0.05621842
380	0.04511802
381	0.04730436
382	0.04839744
383	0.048471
384	0.04933214
385	0.14486329999999997
386	0.1415391
387	0.1097395
388	0.08104936
389	0.041188699999999995
390	0.02604269
391	0.01874601
392	0.018371400000000003
393	0.01354348
394	0.002113287
395	0.001471715
396	0.00406081
397	0.003087483
398	0.002861245
399	0.00285977
400	0.00278995
401	0.0006045811
402	0.0001556953
403	0.0002057963
404	0.0003127315
405	0.0004834574
406	0.0005432292
407	0.000790792
408	0.003931353
409	0.01532744
410	0.0058168180000000005
411	0.0009526818
412	0.0001826096
413	0.0001052291
414	7.112015000000001e-05
415	3.779892e-05
416	1.4271350000000002e-06
417	9.83642e-06
418	2.801903e-05
419	4.972263e-05
420	4.2680909999999994e-05
421	3.960292e-05
422	2.4549629999999998e-05
423	2.202785e-06
424	3.6477940000000006e-07
425	3.4724829999999996e-07
426	5.478908000000001e-07
427	9.500864e-07
428	2.7513850000000003e-06
429	4.048047e-06
430	1.888182e-05
431	3.946821e-06
432	3.844668e-06
433	2.0220949999999997e-06
434	1.402748e-06
435	1.3972370000000001e-06
436	1.8995099999999998e-06
437	1.599727e-06
438	4.208056e-06
439	3.603414e-06
440	1.070876e-05
441	2.8623660000000002e-06
442	1.894977e-06
443	4.695121e-06
444	8.314266e-06
445	9.797677e-05
446	0.000138445
447	0.0003133095
448	0.000661965
449	0.0006686033
450	0.0006392362
451	0.0006374783999999999
452	0.001815526
453	0.004673087
454	0.003351029
455	0.00268386
456	0.005448733000000001
457	0.0006572852
458	0.0001980953
459	0.0002741657
460	0.0003309097
461	0.0009996181
462	0.007261086999999999
463	0.01665259
464	0.02546232
465	0.03687515
466	0.04872044
467	0.06269301
468	0.0006604111999999999
469	0.002511916
470	0.002503046
471	0.0007253480999999999
472	0.001016053
473	0.002081395
474	0.0019398529999999998
475	0.0015255529999999998
476	0.001569141
477	0.001533714
478	0.0008470006
479	0.0008879059
480	0.0008574964
481	0.0008368537
482	0.00151379
483	0.01596586
484	0.03857523
485	0.06359567
486	0.1069037
487	0.1440749
488	0.2307167
489	0.2568366
490	0.38272690000000004
491	0.26805359999999995
492	0.24256839999999996
493	0.22733470000000003
494	0.2318666
495	0.1533019
496	0.148838
497	0.1635424
498	0.1193781
499	0.1020456
500	0.11082180000000001
501	0.005889231
502	0.0049305
503	0.003437275
504	0.002881866
505	0.0028536090000000004
506	0.0028839459999999996
507	0.0033551740000000003
508	0.0033468779999999997
509	0.0033951359999999996
510	0.007451175
511	0.0057715859999999996
512	0.004903694
513	0.01151762
514	0.0022579
515	0.0022629160000000002
516	0.002222262
517	0.00040006510000000005
518	0.002464707
519	0.00012936540000000002
520	9.143138000000001e-05
521	0.000111295
522	0.0001212116
523	0.0001429914
524	0.00030343330000000003
525	0.001551246
526	0.0034789079999999997
527	0.006277201
528	0.009689722
529	0.0002392416
530	4.669983e-05
531	3.528894e-06
532	6.585914e-06
533	3.170193e-05
534	0.0009551822
535	0.0005594008
536	0.01426061
537	0.00923992
538	0.004530235
539	0.001597096
540	0.0001615683
541	2.9316300000000003e-05
542	8.792388e-06
543	7.009169999999999e-06
544	2.649993e-05
545	0.0006450819
546	0.002262923
547	0.0032381059999999997
548	0.0009289150999999999
549	0.001255753
550	0.0015359929999999998
551	0.0019521979999999998
552	0.0041786290000000005
553	0.009531276
554	0.0051018209999999994
555	0.005363886
556	0.0075494590000000006
557	0.06144273
558	0.02982927
559	0.01738717
560	0.01015625
561	0.007273766
562	0.006740492
563	0.0056437530000000005
564	0.007040208
565	0.0069086
566	0.006122725
567	0.005465052
568	0.00356874
569	0.003105245
570	0.0028432109999999996
571	0.002758193
572	0.02279537
573	0.02647165
574	0.03073089
575	0.09646568
576	0.08964185
577	0.01542012
578	0.005726111
579	0.0053359969999999994
580	0.005527967
581	0.007544668
582	0.002075935
583	0.002211427
584	0.002023438
585	0.00034593279999999997
586	1.582389e-05
587	8.502497e-06
588	8.281857e-06
589	6.265487000000001e-06
590	5.520893e-06
591	4.986216e-06
592	6.9307489999999994e-06
593	2.037434e-05
594	1.662795e-05
595	1.544262e-05
596	1.0336689999999998e-05
597	4.237619000000001e-05
598	0.0004684292
599	0.001218001
600	0.0009666780999999999
601	0.0007083464
602	0.0038252990000000003
603	0.002264788
604	0.002670965
605	0.0023467970000000003
606	0.0019624729999999997
607	0.001675246
608	0.0013349229999999998
609	0.0009839586
610	0.000756846
611	0.00116198
612	0.001124552
613	0.00043845580000000003
614	0.00017692830000000002
615	0.0001625075
616	1.3882539999999999e-05
617	9.589682e-06
618	1.315596e-05
619	1.633569e-05
620	1.514974e-05
621	1.827182e-05
622	2.305251e-05
623	2.438902e-05
624	2.1366460000000003e-05
625	2.6182110000000002e-05
626	3.155019e-05
627	3.0023829999999997e-05
628	4.324944e-06
629	2.330047e-05
630	0.000271391
631	0.0003339301
632	0.000490092
633	0.0032945229999999997
634	0.00495931
635	0.00302112
636	0.00154344
637	0.001041474
638	0.002072997
639	0.0001401177
640	8.201600000000001e-05
641	0.0001229681
642	8.914668e-06
643	5.991538000000001e-06
644	1.2138589999999999e-05
645	1.121663e-05
646	1.1227139999999999e-05
647	1.190434e-05
648	1.4538239999999999e-05
649	3.207022e-07
650	3.2675109999999995e-07
651	1.514627e-07
652	1.405229e-07
653	4.173073e-07
654	7.445124e-07
655	9.506721000000001e-07
656	6.198510999999999e-05
657	7.156813e-05
658	8.14269e-05
659	0.00040556269999999996
660	0.0008440464999999999
661	0.002022115
662	0.006365767
663	0.01864296
664	0.02068853
665	0.03000846
666	0.05238195
667	0.08323656
668	0.1083202
669	0.060897400000000004
670	0.05629406
671	0.05450679
672	0.04934647
673	0.04131502
674	0.04210812
675	0.03003152
676	0.02450165
677	0.02488753
678	0.02536274
679	0.02572991
680	0.02663211
681	0.02807213
682	0.001343979
683	0.0009250225
684	0.0038683009999999998
685	0.0038999259999999997
686	0.00155506
687	0.0051979190000000005
688	0.004460493
689	0.006122685
690	0.00508123
691	0.002810283
692	0.0013556579999999998
693	0.00046227080000000003
694	0.0002042477
695	0.00013685
696	0.0002350205
697	0.0005510831
698	0.004624103
699	0.008345874
700	0.01904199
701	0.0395511
702	0.05106042
703	0.06230049
704	0.008508845
705	0.003692866
706	0.0004477096
707	0.0002254405
708	0.00021898970000000002
709	0.00418989
710	0.003016594
711	0.001654216
712	0.0004647308
713	0.0002538137
714	0.00020763
715	0.0001588059
716	0.0001434966
717	0.0001649817
718	0.0001160823
719	9.731398000000001e-05
720	0.0006389312
721	2.9742840000000002e-05
722	1.2091989999999998e-05
723	3.419387e-05
724	3.6494029999999995e-05
725	8.940171e-05
726	0.0002177594
727	0.000589356
728	0.0005967172
729	7.732069999999999e-05
730	8.121539e-06
731	7.026169e-06
732	7.686352e-06
733	7.995945e-06
734	5.9669499999999995e-05
735	0.00045409080000000004
736	0.0010290310000000001
737	0.001016079
738	0.0007145939
739	0.000282717
740	0.000237249
741	0.0002853095
742	0.0003380797
743	0.0007353322
744	0.001419047
745	0.002525495
746	0.005673444000000001
747	0.03680844
748	0.03096314
749	0.02712849
750	0.02497238
751	0.0244581
752	0.02544389
753	0.03326925
754	0.04226955
755	0.05202959
756	0.09048574
757	0.02644389
758	0.02282388
759	0.01107911
760	0.01084974
761	0.01064481
762	0.007307638000000001
763	0.008697793
764	0.007657997
765	0.004054975
766	0.0025527429999999997
767	0.001903736
768	0.0019646110000000002
769	0.0024410070000000002
770	0.001178105
771	0.001945979
772	0.005259495
773	0.006618113
774	0.006661930999999999
775	0.0019304889999999999
776	0.0018550729999999998
777	0.0019172120000000002
778	0.002561145
779	0.0023146079999999997
780	0.006388578000000001
781	0.00392362
782	0.001881699
783	0.0008088726
784	0.00019061110000000002
785	0.0001002523
786	7.251285e-05
787	6.202825e-05
788	7.233292e-05
789	0.00011747469999999999
790	0.0002732149
791	0.0002750908
792	0.0001906585
793	0.0001397979
794	0.0001872959
795	0.0002130438
796	0.0003771119
797	0.0006401288
798	0.00424784
799	0.009066276
800	0.007932192
801	0.01062105
802	0.006885441
803	0.004843005
804	0.0020855820000000003
805	0.0020095160000000003
806	0.0019433520000000002
807	0.004319977
808	0.00341459
809	0.01747651
810	0.01735098
811	0.0063856040000000005
812	0.004845645
813	0.0028502690000000003
814	0.002149333
815	0.0020480529999999998
816	0.002242288
817	0.0024166020000000003
818	0.003685636
819	0.003672635
820	0.004332227
821	0.006969943
822	0.01288065
823	0.01144469
824	0.01099986
825	0.003344914
826	0.001800613
827	0.001863949
828	0.002022523
829	0.005389308000000001
830	0.006007884000000001
831	0.004950858
832	0.02726437
833	0.0023977160000000003
834	0.001205224
835	0.0006834501
836	0.0006453658999999999
837	0.000500142
838	0.0005459201999999999
839	0.001517317
840	0.001171841
841	0.0004291036
842	0.0005532187
843	0.0006441145
844	0.0006700615
845	0.0006999163000000001
846	7.720897e-05
847	0.0001164158
848	0.0001236842
849	0.0019584010000000002
850	0.001620895
851	0.001696633
852	0.002223995
853	0.001171553
854	0.000911932
855	0.0006391491
856	0.0007104436
857	0.003523804
858	0.003121369
859	6.419916e-05
860	0.0001613717
861	0.0002411111
862	0.0003315199
863	0.0006637728
864	0.0002549625
865	0.00019566560000000002
866	0.000214889
867	0.0005762727
868	0.0008428931
869	0.001104294
870	0.001099147
871	0.001291131
872	0.0014996620000000001
873	0.01002765
874	0.01150221
875	0.01381959
876	0.01133563
877	0.005100176
878	0.004804134
879	0.004201434
880	0.0004843076
881	0.00035883569999999997
882	0.00048337269999999995
883	0.0014763789999999999
884	0.0009099124
885	0.0004485575
886	0.0003266165
887	0.0003194279
888	0.00017702459999999998
889	0.0001300029
890	8.138861e-05
891	0.0001490141
892	0.0001428014
893	0.0002346204
894	0.0033818459999999996
895	0.006339764
896	0.00634191
897	0.006001472
898	0.005415423000000001
899	0.007556141999999999
900	0.01028636
901	0.0138593
902	0.0205613
903	0.004909954
904	0.0005420848
905	0.0001703021
906	0.00019255470000000002
907	0.000227084
908	0.00021969919999999997
909	5.525207e-05
910	3.5630559999999995e-05
911	1.870785e-05
912	1.37506e-05
913	2.035203e-06
914	3.22728e-07
915	3.3708259999999995e-07
916	3.3760259999999996e-07
917	4.858111e-07
918	1.776045e-06
919	5.003131e-05
920	0.000234949
921	0.0001597474
922	0.00011223719999999999
923	8.653043e-05
924	0.0007447978999999999
925	0.001001839
926	0.0006632626
927	7.542416e-05
928	6.134274000000001e-05
929	4.710487e-05
930	2.139775e-05
931	1.4765479999999998e-05
932	9.796029e-06
933	1.140363e-05
934	1.540461e-05
935	1.77547e-05
936	3.017324e-05
937	3.222722e-06
938	1.637719e-06
939	3.8108170000000003e-06
940	4.066114e-06
941	1.8995870000000004e-05
942	2.27842e-05
943	2.878901e-05
944	0.0005597916
945	9.661004999999999e-05
946	0.0001018374
947	5.7873809999999995e-05
948	6.142179e-05
949	4.595338e-05
950	6.10549e-05
951	0.0001328855
952	0.001005282
953	0.03615675
954	0.10131910000000001
955	0.1130694
956	0.18619549999999999
957	0.1904066
958	0.1630064
959	0.1268937
960	0.2727133
961	0.09515078
962	0.07135885
963	0.06534285
964	0.06400654
965	0.06239730000000001
966	0.06614788
967	0.0627973
968	0.062144000000000005
969	0.06256395
970	0.0618715
971	0.03714887
972	0.03617238
973	0.03927644
974	0.04216525
975	0.05649490000000001
976	0.1988437
977	0.2125261
978	0.2380176
979	0.07305905
980	0.01613739
981	0.001224944
982	0.00042883
983	0.0005656272
984	0.0005638408
985	0.0008740972
986	0.0009298974000000001
987	0.0005864524
988	0.0001393647
989	0.0001267965
990	0.00010342850000000001
991	0.00010555430000000001
992	0.000105404
993	8.388466e-05
994	0.00012178840000000001
995	0.00103915
996	0.01385272
997	0.01441469
998	0.01438565
999	0.01473452
1000	0.01416224
1001	0.01643074
1002	0.06273015
1003	0.069634
1004	0.0984091
1005	0.1181257
1006	0.1396091
1007	0.2824296
1008	0.2954058
1009	0.35355790000000004
1010	0.386334
1011	0.37654840000000006
1012	0.21346260000000003
1013	0.07736529
1014	0.08382857
1015	0.08256687
1016	0.07928786
1017	0.07464202
1018	0.07070081
1019	0.04345205
1020	0.01619238
1021	0.00785489
1022	0.00566534
1023	0.0055627969999999995
1024	0.005321886
1025	0.005264865
1026	0.0030767859999999998
1027	0.003100327
1028	0.0040173909999999995
1029	0.003777772
1030	0.003619595
1031	0.00359096
1032	0.003443925
1033	0.00048558739999999997
1034	0.0003427141
1035	0.00040902089999999994
1036	0.0009477452
1037	0.0006621239999999999
1038	0.0003977019
1039	0.00027508759999999996
1040	0.001557014
1041	0.001690157
1042	0.0023615479999999998
1043	0.004657792
1044	0.008342743
1045	0.01017375
1046	0.01070745
1047	0.02560646
1048	0.01361394
1049	0.01917544
1050	0.01862039
1051	0.01912271
1052	0.02107407
1053	0.03786876
1054	0.08235042
1055	0.01609688
1056	0.01385132
1057	0.01235357
1058	0.01094735
1059	0.009667782
1060	0.00874249
1061	0.007835136999999999
1062	0.001526356
1063	0.0006594048
1064	0.0002772874
1065	0.0001194835
1066	8.568867e-05
1067	5.393462e-05
1068	3.0313979999999997e-05
1069	0.00021761220000000002
1070	0.01959589
1071	0.01955179
1072	0.0001338146
1073	6.461446e-05
1074	3.830804e-05
1075	3.421708e-05
1076	0.00013229610000000002
1077	0.002031512
1078	0.01061278
1079	0.01883048
1080	0.02745957
1081	0.0002689617
1082	0.00045577510000000004
1083	0.0001263445
1084	0.00011178760000000001
1085	3.9080429999999995e-05
1086	1.4277120000000002e-05
1087	1.397134e-05
1088	1.8882979999999997e-05
1089	4.212054e-06
1090	3.189633e-06
1091	3.54962e-07
1092	4.890581e-07
1093	1.7612440000000001e-06
1094	8.938174e-07
1095	2.038502e-06
1096	3.948336e-06
1097	0.0001400633
1098	9.340507e-05
1099	7.183925e-06
1100	5.8222019999999994e-05
1101	1.2947299999999998e-06
1102	3.603609e-07
1103	5.656947e-06
1104	4.1599129999999995e-05
1105	1.2421010000000001e-05
1106	5.354935e-06
1107	0.0005671332
1108	0.0005597825
1109	0.0005152598000000001
1110	0.00038417910000000004
1111	0.0002544541
1112	0.00011207799999999999
1113	4.890906e-06
1114	8.002884e-06
1115	0.0005188457
1116	0.008054568
1117	0.01406475
1118	0.02767309
1119	0.0435286
1120	0.11290599999999999
1121	0.1296153
1122	0.07622961
1123	0.0879965
1124	0.1004331
1125	0.10927809999999999
1126	0.12181089999999999
1127	0.1383107
1128	0.1498856
1129	0.1644866
1130	0.191021
1131	0.22524770000000002
1132	0.2398335
1133	0.3995514
1134	0.43422
1135	0.4389169
1136	0.48078050000000006
1137	0.5041294
1138	0.5065589
1139	0.5094208
1140	0.5132275
1141	0.5163082
1142	0.5146225999999999
1143	0.5197737
1144	0.5286569000000001
1145	0.5563903
1146	0.5594796999999999
1147	0.5708343000000001
1148	0.2542754
1149	0.13696889999999998
1150	0.11599680000000001
1151	0.1814085
1152	0.04425389
1153	0.03567813
1154	0.01414664
1155	0.002751393
1156	0.0013343729999999998
1157	9.113102e-05
1158	6.427641e-06
1159	5.9047739999999995e-06
1160	4.767833e-06
1161	3.993858e-06
1162	3.707187e-06
1163	5.02897e-06
1164	2.648998e-05
1165	2.771849e-05
1166	7.685901999999999e-05
1167	0.0001416776
1168	0.0002
1169	0.00020826740000000002
1170	0.0006050987999999999
1171	3.38166e-05
1172	0.0013336079999999998
1173	0.0010540410000000001
1174	0.0009870642999999998
1175	0.002256591
1176	0.001554165
1177	0.0011131160000000001
1178	0.0007214507
1179	0.0005050347
1180	0.00037193940000000003
1181	0.0002716791
1182	0.00013198340000000001
1183	8.187174e-05
1184	0.0001699943
1185	0.000192057
1186	0.001146625
1187	0.02129314
1188	0.02746759
1189	0.04003827
1190	0.05492324
1191	0.29401259999999996
1192	0.3099759
1193	0.32461059999999997
1194	0.33435290000000006
1195	0.0792133
1196	0.08819536
1197	0.09791704
1198	0.09663094
1199	0.1373029
1200	0.2217607
1201	0.1920169
1202	0.17854
1203	0.1737835
1204	0.06551726
1205	0.03072459
1206	0.005358262
1207	0.002647903
1208	0.001299596
1209	0.00010188930000000001
1210	8.049802e-05
1211	3.072381e-05
1212	1.2806900000000001e-05
1213	5.971024999999999e-06
1214	1.113058e-06
1215	9.844524e-07
1216	9.684859e-07
1217	1.128109e-06
1218	8.621226999999999e-07
1219	7.494289000000001e-07
1220	2.049321e-06
1221	2.746745e-06
1222	2.928597e-06
1223	4.452893e-05
1224	8.335415000000001e-05
1225	0.000209658
1226	0.0001744572
1227	0.0007061344999999999
1228	0.0013440120000000001
1229	0.0017964510000000001
1230	0.0018918189999999999
1231	0.002334725
1232	0.003951668
1233	0.0005030066000000001
1234	0.0006300111
1235	0.0007824106
1236	0.001065033
1237	0.001205718
1238	0.001376042
1239	0.001533364
1240	0.002074772
1241	0.005667182
1242	0.007594371
1243	0.007905609000000001
1244	0.009798511
1245	0.01058268
1246	0.003501616
1247	0.01096284
1248	0.00498092
1249	0.00687942
1250	0.009138327
1251	0.009213719
1252	0.009548902
1253	0.01036952
1254	0.007832926
1255	0.01480071
1256	0.0171142
1257	0.01704174
1258	0.01686745
1259	0.01448578
1260	0.01588069
1261	0.03457874
1262	0.01071652
1263	0.007941903
1264	0.00748771
1265	0.008107201
1266	0.008227029
1267	0.008156417
1268	0.01067441
1269	0.08923456
1270	0.05776552
1271	0.04660142
1272	0.04058263
1273	0.03595428
1274	0.02311624
1275	0.017082
1276	0.01114127
1277	0.00863772
1278	0.003255015
1279	0.0003724071
1280	0.0002443433
1281	0.000200232
1282	4.729317e-06
1283	1.202433e-06
1284	1.169622e-06
1285	1.395625e-05
1286	2.66946e-05
1287	2.720153e-05
1288	4.031442e-05
1289	1.073599e-05
1290	3.594412e-07
1291	2.05342e-07
1292	9.792648e-08
1293	1.034445e-07
1294	1.243682e-07
1295	1.957705e-07
1296	2.3072389999999998e-07
1297	2.0770970000000003e-05
1298	1.056047e-06
1299	1.848786e-06
1300	2.828275e-06
1301	4.759545e-06
1302	4.57901e-06
1303	6.337564999999999e-06
1304	6.704687e-05
1305	0.0002265025
1306	0.0015239589999999999
1307	0.01922428
1308	0.018938800000000002
1309	0.0190955
1310	0.02421844
1311	0.03354313
1312	0.02992975
1313	0.02070428
1314	0.01654591
1315	0.01480336
1316	0.0225437
1317	0.01792149
1318	0.01439105
1319	0.01773975
1320	0.03732092
1321	0.07135207
1322	0.07938173
1323	0.09262428
1324	0.04136066
1325	0.03424066
1326	0.02608277
1327	0.02774801
1328	0.02421119
1329	0.02287523
1330	0.02759482
1331	0.03620228
1332	0.04024314
1333	0.04985252
1334	0.01782541
1335	0.005287416
1336	0.0035928059999999996
1337	0.004457685
1338	0.005505503
1339	0.004975609000000001
1340	0.004704199
1341	0.001963667
1342	0.001227868
1343	0.000899206
1344	0.0008706941
1345	0.002696062
1346	0.004087599
1347	0.001297018
1348	0.0001990857
1349	7.541672e-05
1350	0.00019406310000000002
1351	0.00168504
1352	0.0034908120000000003
1353	0.005338
1354	0.009023211
1355	0.01501874
1356	0.2137667
1357	0.2184964
1358	0.036038
1359	0.04211086
1360	0.07096724
1361	0.08401971
1362	0.0799584
1363	0.01473452
1364	0.004711408
1365	0.004466493
1366	0.0002190075
1367	6.326452000000001e-06
1368	3.365784e-06
1369	3.871678e-06
1370	4.414796e-06
1371	5.247223e-06
1372	5.563659e-06
1373	7.986059e-07
1374	1.7389869999999998e-06
1375	1.46244e-06
1376	1.029401e-07
1377	1.354541e-08
1378	2.803847e-07
1379	6.168928e-08
1380	2.9433370000000002e-06
1381	0.000226772
1382	0.00019606080000000002
1383	0.00014788370000000002
1384	7.768346e-05
1385	2.507972e-05
1386	1.2373450000000001e-05
1387	6.274833999999999e-06
1388	2.915393e-06
1389	4.547534e-06
1390	2.289839e-05
1391	8.439098e-05
1392	0.0001427442
1393	0.00022626970000000002
1394	0.02169777
1395	0.02128518
1396	5.867996e-05
1397	2.303367e-05
1398	5.554223000000001e-05
1399	9.382528e-05
1400	0.0005830664
1401	0.0012129489999999998
1402	0.00185223
1403	0.0025128520000000003
1404	0.0031468459999999996
1405	0.004722931
1406	0.0053664459999999995
1407	0.0001969658
1408	4.5816859999999996e-05
1409	4.048877e-05
1410	0.0007044949
1411	0.00152852
1412	0.005577676
1413	0.008618667
1414	0.00739124
1415	0.005251191999999999
1416	0.02178201
1417	0.01539252
1418	0.01294391
1419	0.01036972
1420	0.007854141
1421	0.006455894
1422	0.01047422
1423	0.01078876
1424	0.009201163
1425	0.008117089000000001
1426	0.008590055
1427	0.01362613
1428	0.006630276
1429	0.00831562
1430	0.001138618
1431	0.0009210051
1432	0.0007321186
1433	0.0006614975
1434	0.0005797138
1435	0.0005435285
1436	0.0004869975
1437	0.00047859730000000003
1438	0.0005400133999999999
1439	0.0006340353
1440	0.0007012277
1441	0.0007618935000000001
1442	0.0009399572999999999
1443	0.001121422
1444	0.007687456
1445	0.03070218
1446	0.04042235
1447	0.05708435
1448	0.08035695
1449	0.08955789
1450	0.1076608
1451	0.1417076
1452	0.1718635
1453	0.1980174
1454	0.3617998
1455	0.495903
1456	0.47899890000000006
1457	0.45715200000000006
1458	0.4567495
1459	0.363088
1460	0.34721440000000003
1461	0.3347996
1462	0.3354172
1463	0.32650359999999995
1464	0.3278468
1465	0.3234493
1466	0.3156164
1467	0.3071231
1468	0.2977402
1469	0.289672
1470	0.2719737
1471	0.28174840000000007
1472	0.26905640000000003
1473	0.2864618
1474	0.150559
1475	0.1429017
1476	0.1545319
1477	0.1509112
1478	0.13986089999999998
1479	0.09781701
1480	0.06224053
1481	0.04709255
1482	0.03251777
1483	0.00733955
1484	0.005476885999999999
1485	0.00042009260000000004
1486	0.0001663536
1487	0.0001157825
1488	8.852035e-05
1489	6.530898e-05
1490	4.325444000000001e-05
1491	1.583457e-05
1492	1.579269e-05
1493	1.86423e-05
1494	1.3728720000000001e-05
1495	1.665685e-05
1496	1.6465839999999997e-05
1497	3.316882e-05
1498	5.149646e-06
1499	3.007755e-05
1500	4.133225e-05
1501	0.00104346
1502	6.494219e-05
1503	5.527441999999999e-05
1504	4.502485e-05
1505	6.031505e-05
1506	8.173989999999999e-05
1507	0.002312216
1508	0.0013980079999999998
1509	0.0009800271
1510	0.0005358932
1511	0.00034314
1512	0.0002402869
1513	0.0002789325
1514	0.0008518481
1515	0.001346086
1516	0.005109724
1517	0.006988628
1518	0.0038900159999999996
1519	0.0005487558
1520	0.0010775630000000001
1521	0.0007028042999999999
1522	0.0006462088
1523	0.0006870942
1524	0.0007456317
1525	0.00111092
1526	0.002087199
1527	0.002344764
1528	0.0027081809999999996
1529	0.003177105
1530	0.003904302
1531	0.00845767
1532	0.01536303
1533	0.02373385
1534	0.02556893
1535	0.05689547
1536	0.17654070000000002
1537	0.03067533
1538	0.03796848
1539	0.02664005
1540	0.02688779
1541	0.03036261
1542	0.02987484
1543	0.0313002
1544	0.03040273
1545	0.029633999999999997
1546	0.02596382
1547	0.02056972
1548	0.01993439
1549	0.01529218
1550	0.013790299999999998
1551	0.01848838
1552	0.02461835
1553	0.07640112
1554	0.07285691
1555	0.07667192
1556	0.08136693
1557	0.08168055
1558	0.03378327
1559	0.03125321
1560	0.03277434
1561	0.02876976
1562	0.02714225
1563	0.02853969
1564	0.13602899999999998
1565	0.11893089999999999
1566	0.1103695
1567	0.1056394
1568	0.11339790000000001
1569	0.1114138
1570	0.10468519999999999
1571	0.21165229999999996
1572	0.2141406
1573	0.1986486
1574	0.1968549
1575	0.07032083
1576	0.06536492
1577	0.07968287
1578	0.06586699
1579	0.07288312
1580	0.03200908
1581	0.009255206
1582	0.005499241
1583	0.004934797
1584	0.004785301
1585	0.0049560870000000005
1586	0.005205027
1587	0.004972848
1588	0.0006306896
1589	0.001346331
1590	0.001264226
1591	0.0004259677
1592	0.0004464168
1593	0.00047510529999999997
1594	0.0005400057
1595	0.0009216431
1596	0.001568411
1597	0.001979208
1598	0.002247606
1599	0.003140263
1600	0.003169875
1601	0.003651918
1602	0.00752049
1603	0.01115399
1604	0.01703831
1605	0.09047611
1606	0.09042824
1607	0.10572770000000001
1608	0.10846900000000001
1609	0.11298789999999999
1610	0.1169774
1611	0.12414180000000001
1612	0.1734384
1613	0.006757836999999999
1614	0.0027187129999999998
1615	0.0016235070000000002
1616	0.00016063200000000002
1617	0.0001088071
1618	6.537753e-05
1619	5.824517e-05
1620	0.0001618845
1621	0.0001422852
1622	0.000127067
1623	9.616048000000001e-05
1624	6.037904e-05
1625	1.943096e-05
1626	1.015595e-05
1627	6.490609e-06
1628	3.907513e-05
1629	0.0003466548
1630	0.001250408
1631	0.002015229
1632	0.003467794
1633	0.005646477
1634	0.001520045
1635	0.0005277599
1636	0.0003717254
1637	0.000277391
1638	0.0002454923
1639	0.00037013
1640	0.0006189293
1641	0.0014359870000000001
1642	0.001406672
1643	0.02147823
1644	0.01781239
1645	0.0156041
1646	0.01395187
1647	0.01324487
1648	0.01159431
1649	0.011183799999999999
1650	0.01101346
1651	0.01223071
1652	0.0450662
1653	0.01653226
1654	0.007412564
1655	0.0067529190000000005
1656	0.00657205
1657	0.007214055
1658	0.009400865
1659	0.01101262
1660	0.01259469
1661	0.01358225
1662	0.01570031
1663	0.02161647
1664	0.02352266
1665	0.02798771
1666	0.03276201
1667	0.03853829
1668	0.04273093
1669	0.05317423
1670	0.12751769999999998
1671	0.4893077
1672	0.4505206
1673	0.4704813
1674	0.45578599999999997
1675	0.44923279999999993
1676	0.362804
1677	0.3133647
1678	0.30628540000000004
1679	0.26489009999999996
1680	0.26199320000000004
1681	0.227998
1682	0.19188629999999998
1683	0.1737338
1684	0.1638338
1685	0.1414445
1686	0.1156664
1687	0.1166216
1688	0.11899939999999999
1689	0.0761526
1690	0.01652528
1691	0.01145484
1692	0.00888468
1693	0.00328157
1694	0.002115718
1695	0.0011509810000000001
1696	0.0008641394999999999
1697	0.002410519
1698	0.0006659300999999999
1699	0.0007241166
1700	0.0002640699
1701	0.0001323884
1702	9.419415000000001e-05
1703	8.220218000000001e-05
1704	6.569266e-05
1705	7.531866999999999e-05
1706	8.711992e-05
1707	7.890291000000001e-05
1708	5.235898e-05
1709	0.00012927229999999999
1710	5.320155e-05
1711	1.067382e-05
1712	7.138209e-06
1713	2.034444e-05
1714	0.0002753604
1715	0.0027305359999999996
1716	0.0001425722
1717	0.0001991925
1718	3.092973e-05
1719	4.100729e-06
1720	4.603845e-06
1721	4.124225e-06
1722	2.55139e-06
1723	2.524251e-06
1724	2.408596e-06
1725	1.093978e-05
1726	1.211579e-05
1727	1.1571600000000001e-05
1728	1.4504229999999998e-05
1729	1.226422e-05
1730	4.222891e-05
1731	0.005067950999999999
1732	0.02600443
1733	0.02667908
1734	0.02705193
1735	0.02466118
1736	0.03302213
1737	0.02300561
1738	0.01396939
1739	0.01206098
1740	0.003670715
1741	0.0002893522
1742	0.0007458289999999999
1743	0.0008889116
1744	0.0008457727000000001
1745	0.001144819
1746	0.001198483
1747	0.001892465
1748	0.0022201
1749	0.002061144
1750	0.002334417
1751	0.007082015
1752	0.01175319
1753	0.0033646179999999998
1754	0.0007343810000000001
1755	0.00028373
1756	0.0003099623
1757	0.0002980966
1758	0.0003605533
1759	0.00039981559999999997
1760	0.005349923
1761	0.007900823000000001
1762	0.003616481
1763	0.001293147
1764	0.0009821177
1765	0.000805367
1766	0.0006941352000000001
1767	3.593855e-05
1768	4.3753100000000006e-05
1769	6.191769e-05
1770	7.483134e-05
1771	0.0001035616
1772	6.135985e-05
1773	3.9634e-05
1774	1.180357e-05
1775	6.454506e-06
1776	9.375943e-06
1777	9.281607e-06
1778	2.18929e-06
1779	9.610772e-07
1780	2.7520030000000004e-06
1781	8.200064e-06
1782	5.523334e-05
1783	4.258277e-05
1784	3.39113e-05
1785	2.621404e-05
1786	2.2953160000000003e-05
1787	2.8177270000000003e-05
1788	2.215882e-05
1789	2.717897e-05
1790	0.0006203676
1791	0.0001280459
1792	0.002640511
1793	0.0003964617
1794	0.0001744962
1795	5.658856e-05
1796	1.674784e-05
1797	0.0005609615
1798	0.001002829
1799	0.0012817360000000001
1800	0.001732325
1801	0.00214447
1802	0.0028374859999999997
1803	0.003471161
1804	0.004335477
1805	0.004955378
1806	0.005570765
1807	0.006280907
1808	0.006987340999999999
1809	0.01141341
1810	0.01823957
1811	0.02561839
1812	0.02538149
1813	0.11591549999999999
1814	0.1430181
1815	0.1512201
1816	0.1554471
1817	0.1648203
1818	0.010605400000000001
1819	0.01050765
1820	0.1368035
1821	0.12062039999999999
1822	0.1114422
1823	0.10523969999999999
1824	0.0996393
1825	0.10403699999999999
1826	0.1007081
1827	0.0976152
1828	0.0942607
1829	0.09052966
1830	0.08705435
1831	0.08377252
1832	0.09601169
1833	0.11118199999999999
1834	0.1193363
1835	0.45815900000000004
1836	0.5847180999999999
1837	0.587599
1838	0.6169730999999999
1839	0.6162607
1840	0.3109583
1841	0.15065839999999997
1842	0.07505303
1843	0.05874257
1844	0.056580700000000005
1845	0.05575273
1846	0.05506501
1847	0.05451719
1848	0.05233864
1849	0.04531385
1850	0.03964206
1851	0.01525279
1852	0.01537695
1853	0.01003269
1854	0.008809895
1855	0.01001984
1856	0.004764300999999999
1857	0.01250897
1858	0.01273863
1859	0.01127758
1860	0.005888061
1861	0.004036224000000001
1862	0.00331575
1863	0.0031781390000000004
1864	0.002861442
1865	0.005693932
1866	0.006991811999999999
1867	0.00738057
1868	0.008284469000000001
1869	0.01741335
1870	0.01425809
1871	0.01158082
1872	0.009122858000000001
1873	0.01210777
1874	0.004411942
1875	0.0032497040000000004
1876	0.001068558
1877	0.000512572
1878	0.0002652386
1879	0.0002862536
1880	0.0002152322
1881	6.818011e-05
1882	5.625125e-05
1883	4.542957e-05
1884	2.619548e-05
1885	3.2014559999999994e-05
1886	3.8177259999999995e-05
1887	2.701482e-05
1888	0.0001046705
1889	0.000308675
1890	0.00033853260000000005
1891	0.0004934094999999999
1892	0.00018248209999999999
1893	0.000190601
1894	0.0002085974
1895	0.0001283397
1896	0.0002014223
1897	0.0008525396
1898	0.0009334392999999999
1899	0.001412605
1900	0.004627545
1901	0.002457998
1902	0.009952671
1903	0.04038287
1904	0.03094891
1905	0.02237084
1906	0.01522531
1907	0.008102175999999999
1908	0.002645024
1909	0.002821648
1910	0.004067704
1911	0.00655284
1912	0.01734599
1913	0.01791402
1914	0.01712813
1915	0.006340389
1916	0.004210882
1917	0.003543592
1918	0.01151858
1919	0.01705747
1920	0.01889978
1921	0.03099055
1922	0.04866805
1923	0.05955514
1924	0.05757847
1925	0.05772695
1926	0.05054056
1927	0.04784814
1928	0.01790278
1929	0.009940181999999999
1930	0.005176715
1931	0.0037033559999999997
1932	0.003120678
1933	0.002351304
1934	0.008856603000000001
1935	0.008707976999999999
1936	0.001114599
1937	0.0006984227
1938	0.00025656860000000003
1939	7.956317e-05
1940	7.113415e-06
1941	2.012685e-06
1942	9.899564e-07
1943	8.623153999999999e-07
1944	9.690157e-07
1945	1.3653389999999999e-06
1946	3.6415960000000003e-06
1947	1.2635530000000002e-05
1948	0.00020100419999999998
1949	0.0002685896
1950	0.0003863824
1951	0.0004930203
1952	0.0011337860000000001
1953	0.0016288070000000001
1954	0.00525305
1955	0.01619095
1956	0.02637247
1957	0.1684153
1958	0.1647585
1959	0.1883976
1960	0.03747942
1961	0.02466489
1962	0.0029744859999999997
1963	0.0014106639999999998
1964	0.0009747964
1965	0.0001857966
1966	0.00012093379999999999
1967	7.895914000000001e-05
1968	7.562786999999999e-05
1969	6.731366999999999e-05
1970	6.278856e-05
1971	5.5069659999999996e-05
1972	4.495383e-05
1973	2.4884570000000004e-05
1974	2.36439e-05
1975	3.648041e-05
1976	0.0009666931
1977	0.0006284412
1978	0.0006613664
1979	0.002798508
1980	0.002850835
1981	0.009699119
1982	0.009796975999999999
1983	0.01342442
1984	0.01066682
1985	0.01115676
1986	0.002714347
1987	0.002173324
1988	0.001664914
1989	0.001627609
1990	0.00169386
1991	0.002407204
1992	0.0030914759999999997
1993	0.0038093940000000002
1994	0.0047092
1995	0.009631533000000001
1996	0.01058448
1997	0.010784700000000001
1998	0.01182763
1999	0.0002657085
2000	0.00021289939999999998
2001	6.943944e-05
2002	8.725373e-05
2003	0.0002494083
2004	6.581278e-05
2005	4.258318e-05
2006	3.087994e-05
2007	4.0965829999999995e-05
2008	2.706618e-05
2009	1.4874470000000001e-05
2010	6.911476e-06
2011	6.513031999999999e-06
2012	6.275431e-06
2013	5.9822900000000005e-06
2014	1.051322e-05
2015	1.0598e-05
2016	1.3554379999999999e-05
2017	1.1675139999999999e-05
2018	5.6908619999999994e-05
2019	4.016493e-05
2020	5.100625e-05
2021	9.563716e-05
2022	8.696586e-05
2023	8.69586e-05
2024	9.645519e-05
2025	9.031949000000001e-05
2026	2.38979e-05
2027	2.638407e-05
2028	2.3043449999999997e-05
2029	2.1956710000000003e-05
2030	2.2837729999999995e-05
2031	2.063883e-05
2032	1.57667e-05
2033	0.0002522256
2034	0.0003544513
2035	0.0006928991
2036	0.001467682
2037	0.001870055
2038	0.002440878
2039	0.004383933
2040	0.007255824
2041	0.01084155
2042	0.02867062
2043	0.0482024
2044	0.05514462
2045	0.0697456
2046	0.166544
2047	0.16272979999999998
2048	0.3843741
2049	0.36765349999999997
2050	0.3017857
2051	0.27713499999999996
2052	0.21053560000000002
2053	0.206506
2054	0.21211079999999996
2055	0.02676446
2056	0.009768266
2057	0.004946917
2058	0.00371079
2059	0.002022263
2060	0.0016534339999999999
2061	0.001414277
2062	0.001063032
2063	0.0008866497
2064	0.0007532438000000001
2065	0.0006553711999999999
2066	0.0006072477
2067	0.0005396629
2068	0.00044352879999999995
2069	0.0003463962
2070	0.00043160839999999997
2071	0.0012442430000000001
2072	0.001114285
2073	7.889314e-06
2074	5.043702e-06
2075	5.040537e-06
2076	1.1914660000000002e-05
2077	0.0001272858
2078	0.0001871498
2079	0.0002693701
2080	9.851302e-05
2081	0.00011169780000000001
2082	0.0001366268
2083	0.0001530578
2084	0.00026764569999999997
2085	0.0006340312
2086	0.001456571
2087	0.003986061
2088	0.003785565
2089	0.0049503329999999995
2090	0.00484208
2091	0.004124322
2092	0.02243663
2093	0.002857565
2094	0.002308303
2095	0.006891574
2096	0.006590199000000001
2097	0.004585112
2098	0.00462922
2099	0.005499286999999999
2100	0.0049578470000000005
2101	0.005262861999999999
2102	0.0021296270000000003
2103	0.0007768777000000001
2104	0.0007334569
2105	0.0001979945
2106	3.145912e-05
2107	5.6575739999999995e-06
2108	3.946044000000001e-07
2109	7.780441999999999e-07
2110	5.897043000000001e-07
2111	1.009985e-05
2112	9.957054e-06
2113	2.025996e-05
2114	1.994061e-05
2115	1.996339e-05
2116	1.022798e-05
2117	1.005258e-05
2118	3.3666290000000004e-07
2119	7.382963999999999e-06
2120	1.7547720000000003e-05
2121	3.010877e-05
2122	0.001226541
2123	0.02653478
2124	0.001241799
2125	0.0001412066
2126	0.0041519370000000005
2127	0.0028647090000000004
2128	0.0016136479999999999
2129	0.0001587537
2130	0.0001269615
2131	0.0001540688
2132	0.001718839
2133	0.0007327111
2134	0.000689022
2135	0.0008379878
2136	5.225616e-05
2137	3.043802e-05
2138	2.977133e-05
2139	3.0297929999999995e-05
2140	3.285322e-05
2141	3.639147e-05
2142	7.00323e-06
2143	7.166479e-05
2144	0.0002935287
2145	0.0007069212
2146	0.0005358506
2147	0.0006651652000000001
2148	0.004204435
2149	0.0038836590000000002
2150	0.0039865790000000005
2151	0.004953783
2152	0.004780957
2153	0.0034634609999999997
2154	0.0045901990000000005
2155	0.005710445
2156	0.01108975
2157	0.01672982
2158	0.0255945
2159	0.02987894
2160	0.02882914
2161	0.02252161
2162	0.0179963
2163	0.008602105
2164	0.005107881
2165	0.003826005
2166	0.004166090999999999
2167	0.004573367
2168	0.00490554
2169	0.005203071
2170	0.002076596
2171	0.00201951
2172	0.0021989789999999998
2173	0.0003840875
2174	0.000538705
2175	0.00063682
2176	0.0001395392
2177	0.00015506540000000002
2178	0.01144757
2179	0.01147919
2180	0.00041031129999999995
2181	0.0002819963
2182	0.0002758026
2183	0.003973143
2184	0.003795409
2185	0.02228708
2186	0.0129803
2187	0.006388535
2188	0.0004892704
2189	3.338888e-05
2190	3.4524400000000004e-06
2191	1.527682e-05
2192	4.258768e-05
2193	2.082432e-05
2194	0.0003992378
2195	0.0009033848
2196	0.001356333
2197	0.0018286889999999999
2198	0.002924912
2199	0.00410299
2200	0.005643884
2201	0.007681798
2202	0.009153310999999999
2203	0.0112057
2204	0.01335129
2205	0.03096935
2206	0.03355
2207	0.02636912
2208	0.007423318000000001
2209	0.01592269
2210	0.01615213
2211	0.02087472
2212	0.02677829
2213	0.01516718
2214	0.01901528
2215	0.00889444
2216	0.002493838
2217	0.003434375
2218	0.003321302
2219	0.0031881690000000002
2220	0.0032882590000000004
2221	0.002755149
2222	0.001527006
2223	0.001248653
2224	0.0012843289999999999
2225	0.0009587971000000001
2226	0.0008817835000000001
2227	0.001050731
2228	0.0010315230000000001
2229	0.0015045120000000002
2230	0.002068176
2231	0.00553757
2232	0.0063804840000000005
2233	0.006658301
2234	0.004656525
2235	0.0005736369000000001
2236	0.00034975
2237	0.0004518983
2238	0.0005540609
2239	0.0006779619999999999
2240	0.0006459631
2241	0.0002528265
2242	0.0003188854
2243	0.0001988322
2244	0.0001901066
2245	0.0002728886
2246	0.0001561064
2247	0.0001434144
2248	0.0001316566
2249	0.0001490505
2250	0.0006179528
2251	0.0021378729999999998
2252	0.0003953735
2253	8.190156e-05
2254	5.2989669999999996e-05
2255	1.4803599999999998e-05
2256	3.864961e-05
2257	0.00011347479999999999
2258	0.0005480396
2259	0.0005443231999999999
2260	0.0007819010000000001
2261	0.0005187181
2262	0.0004971956
2263	0.0004717689
2264	0.0005128002
2265	0.0015823
2266	0.0031332390000000003
2267	0.004940021
2268	0.006710228
2269	0.01169962
2270	0.02472122
2271	0.02599913
2272	0.03613875
2273	0.04852165
2274	0.05141734
2275	0.01617909
2276	0.018483799999999998
2277	0.01842799
2278	0.01749692
2279	0.01617115
2280	0.0161394
2281	0.01584864
2282	0.0028253040000000003
2283	0.01294843
2284	0.008133939
2285	0.0054269159999999995
2286	0.0008647081
2287	0.0008604887
2288	0.00111348
2289	0.001324386
2290	0.001446048
2291	0.0009811005000000001
2292	0.0008313233999999999
2293	0.0007620672
2294	0.0008502635
2295	0.00113809
2296	0.004891561
2297	0.01061265
2298	0.01471252
2299	0.01884692
2300	0.09892021
2301	0.02279203
2302	0.01787805
2303	0.01393347
2304	0.01055656
2305	0.00823049
2306	0.0060855530000000005
2307	0.0055021
2308	0.0034240620000000003
2309	0.00137722
2310	6.794462e-05
2311	3.709263e-05
2312	3.861785e-06
2313	3.603646e-06
2314	1.762935e-06
2315	4.007963e-07
2316	4.079283e-07
2317	4.390113e-07
2318	5.461435e-06
2319	2.9136820000000003e-05
2320	7.179168000000001e-05
2321	0.00011413350000000001
2322	0.00038041269999999997
2323	0.0005670523000000001
2324	0.001401256
2325	0.002121283
2326	0.002213985
2327	0.00294446
2328	0.003410991
2329	0.008471616
2330	0.0174893
2331	0.009798225
2332	0.01296619
2333	0.01694193
2334	0.01996341
2335	0.02370731
2336	0.026722000000000003
2337	0.03628667
2338	0.04598421
2339	0.05596343
2340	0.08094192
2341	0.004020071
2342	0.004894341
2343	0.005499305
2344	0.005941888
2345	0.002481702
2346	0.002567256
2347	0.0029770179999999997
2348	0.03973064
2349	0.02258625
2350	0.01039799
2351	0.009999326
2352	0.008979369000000001
2353	0.005604225
2354	0.004422103
2355	0.003986203
2356	0.004558133
2357	0.004264883
2358	0.003738422
2359	0.003275734
2360	0.001672378
2361	0.001084111
2362	0.0006934117
2363	0.0008018693
2364	0.01177048
2365	0.009268325
2366	0.0076880690000000005
2367	0.005645349
2368	0.004400147
2369	0.003053991
2370	0.0023749970000000002
2371	0.002960853
2372	0.0035830840000000003
2373	0.00420507
2374	0.004908672
2375	0.007081706
2376	0.009475401999999999
2377	0.001332786
2378	0.00014809709999999998
2379	0.0001581574
2380	0.0001994034
2381	0.0002109652
2382	0.0001623456
2383	0.0001119556
2384	0.00023808209999999998
2385	0.0003274441
2386	0.00034566830000000003
2387	0.0003539586
2388	0.00036261480000000004
2389	0.00037517029999999997
2390	0.00039477809999999996
2391	0.00027958759999999997
2392	0.001369433
2393	0.03748369
2394	0.02303493
2395	0.01285879
2396	0.00431864
2397	0.0005382255
2398	0.0004977349
2399	0.0007164125
2400	0.000749833
2401	0.006012913000000001
2402	0.00600972
2403	0.01337216
2404	0.00598322
2405	0.0007202466
2406	0.00046094349999999996
2407	0.0008761912
2408	0.0019355370000000002
2409	0.009642422
2410	0.00040229480000000004
2411	0.001188486
2412	0.0002833333
2413	1.8596889999999999e-06
2414	4.1124730000000006e-08
2415	1.4661760000000002e-09
2416	9.952904e-10
2417	1.0738980000000002e-09
2418	1.034748e-10
2419	3.221389e-11
2420	3.8744759999999995e-11
2421	9.505071e-11
2422	9.238699e-11
2423	1.407148e-10
2424	6.541235e-10
2425	1.462319e-09
2426	7.153426e-09
2427	5.543684e-08
2428	1.9968200000000002e-06
2429	0.000305413
2430	0.0001554445
2431	0.00013089270000000001
2432	0.00015024180000000002
2433	0.00027437580000000004
2434	3.415643e-05
2435	1.6194e-05
2436	3.179645e-05
2437	2.9595e-05
2438	2.78887e-05
2439	2.69635e-05
2440	2.7904970000000003e-05
2441	4.961087e-06
2442	7.981919000000001e-06
2443	1.214966e-05
2444	2.747678e-05
2445	4.55053e-05
2446	7.058811e-05
2447	0.000317031
2448	0.003094475
2449	0.005522915
2450	0.01149355
2451	0.012402600000000001
2452	0.01140439
2453	0.0053744430000000004
2454	0.005324329
2455	0.00810626
2456	0.007773976
2457	0.009310397
2458	0.01005356
2459	0.0124287
2460	0.002496538
2461	0.001350568
2462	0.001014631
2463	0.001250614
2464	0.00035307620000000003
2465	0.0001256926
2466	0.0001500812
2467	5.9442e-05
2468	4.672152e-05
2469	7.120669e-05
2470	6.799543999999999e-05
2471	3.870728e-06
2472	6.8122519999999995e-06
2473	5.533913000000001e-07
2474	6.146274000000001e-07
2475	1.8562119999999998e-06
2476	3.219294e-06
2477	8.213196e-05
2478	0.0001585526
2479	0.0001959773
2480	0.0002228595
2481	0.0002828623
2482	0.0003232614
2483	0.00037590489999999997
2484	0.0002993491
2485	0.0005124757
2486	0.0006508201
2487	0.004377883
2488	0.02923772
2489	0.03149259
2490	0.04100716
2491	0.06562943
2492	0.09785245
2493	0.20081429999999997
2494	0.172779
2495	0.08240512
2496	0.06542023
2497	0.04320397
2498	0.02698322
2499	0.0037330690000000003
2500	0.002526104
2501	0.00139251
2502	0.0009164250999999999
2503	0.0001805592
2504	8.397401e-05
2505	3.610084e-05
2506	2.126417e-05
2507	8.739906e-06
2508	1.887025e-06
2509	1.697194e-06
2510	1.434477e-06
2511	2.2444470000000002e-07
2512	6.112744999999999e-08
2513	9.665822999999999e-08
2514	3.231431e-08
2515	6.931735e-09
2516	7.031803000000001e-09
2517	1.480648e-08
2518	6.459154000000001e-07
2519	9.720857e-07
2520	4.721207e-06
2521	5.444891e-06
2522	6.760196e-06
2523	7.865189e-06
2524	2.135146e-07
2525	1.317335e-07
2526	5.919704999999999e-07
2527	6.771491e-05
2528	0.0002045895
2529	0.001041967
2530	0.000779411
2531	0.0007680955000000001
2532	0.0008153523
2533	0.0008785245
2534	0.0009436815
2535	0.001010415
2536	0.0009555338
2537	0.0008688525
2538	0.0003880106
2539	0.0011147210000000002
2540	0.0016874289999999998
2541	0.0030308740000000002
2542	0.005437831999999999
2543	0.002793488
2544	0.0003542743
2545	0.0001803245
2546	0.0002566617
2547	0.0004985569
2548	0.000331301
2549	0.0001921597
2550	0.00011558870000000001
2551	4.0585809999999994e-05
2552	3.9930429999999995e-05
2553	9.002104e-05
2554	0.000155437
2555	0.0001437713
2556	0.0001404982
2557	0.0001652517
2558	0.001264074
2559	0.009618713000000001
2560	0.01051357
2561	0.01243484
2562	0.01637334
2563	0.02958851
2564	0.01063223
2565	0.17910779999999998
2566	0.1916487
2567	0.2287973
2568	0.0068134
2569	0.004827142
2570	0.01316972
2571	0.01204798
2572	0.00239467
2573	0.001878339
2574	0.001254195
2575	0.00012970940000000002
2576	3.6342940000000003e-05
2577	4.475851e-06
2578	4.845247e-07
2579	5.367879e-08
2580	4.770755e-08
2581	4.497195e-08
2582	5.1864660000000006e-08
2583	2.681785e-07
2584	8.654797e-07
2585	1.084328e-06
2586	1.15451e-05
2587	8.111063e-06
2588	8.558684e-06
2589	0.00043009769999999997
2590	0.01448691
2591	0.43026279999999995
2592	0.04564768
2593	0.06939947
2594	0.07845577
2595	0.08543068
2596	0.01431684
2597	0.01541254
2598	0.01753519
2599	0.01487926
2600	0.01719707
2601	0.01641257
2602	0.01556651
2603	0.01544126
2604	0.01658378
2605	0.01637344
2606	0.01552666
2607	0.01579919
2608	0.0156351
2609	0.01545031
2610	0.01726046
2611	0.09422974
2612	0.04451208
2613	0.0369421
2614	0.03452525
2615	0.03343683
2616	0.0411936
2617	0.05481448
2618	0.05336814
2619	0.05456393
2620	0.060219299999999996
2621	0.05991985
2622	0.004185484000000001
2623	0.0001829066
2624	4.99934e-05
2625	4.577303e-05
2626	6.708272e-05
2627	6.127873e-05
2628	4.2798940000000004e-05
2629	4.930797000000001e-05
2630	7.384072e-05
2631	7.679393e-05
2632	7.373119e-05
2633	7.80058e-05
2634	8.081583000000001e-05
2635	8.370644e-05
2636	0.000621732
2637	0.00852099
2638	0.02170862
2639	0.027848200000000004
2640	0.009211834
2641	0.005999421
2642	0.03144411
2643	0.02629944
2644	0.01609913
2645	0.004942216
2646	0.002708373
2647	0.001293119
2648	0.0007581551
2649	0.0006603536
2650	0.0006516644000000001
2651	0.0004747773
2652	0.0002512905
2653	2.5494920000000004e-05
2654	2.222362e-05
2655	2.4092280000000002e-05
2656	3.241783e-05
2657	0.00011947280000000001
2658	0.0001426368
2659	0.0002635796
2660	0.0005470187
2661	0.001178707
2662	0.002853028
2663	0.7614599
2664	0.0014751039999999999
2665	0.0007524204
2666	0.0009346253
2667	0.0063888109999999994
2668	0.003432402
2669	0.0049718290000000005
2670	0.005499415
2671	0.006052834
2672	0.0067389880000000004
2673	0.001969723
2674	0.002044597
2675	0.0008025297
2676	8.443759e-05
2677	1.3085759999999998e-06
2678	7.717399000000001e-07
2679	4.447535e-06
2680	1.093582e-06
2681	1.30993e-06
2682	4.981535e-06
2683	2.882393e-06
2684	1.425401e-06
2685	6.975307e-07
2686	6.850693000000001e-07
2687	1.901917e-06
2688	1.258661e-06
2689	6.851023999999999e-07
2690	7.482218e-07
2691	2.694547e-06
2692	1.340588e-06
2693	1.619786e-06
2694	1.057371e-05
2695	1.20643e-05
2696	1.499884e-05
2697	1.3277149999999999e-05
2698	1.6770479999999997e-05
2699	3.0364590000000003e-05
2700	9.11348e-05
2701	0.0003672907
2702	0.0006524615
2703	2.4803000000000003e-05
2704	8.556064e-06
2705	8.972461e-06
2706	2.1727199999999998e-05
2707	2.60983e-05
2708	0.0005683366
2709	0.02069324
2710	0.02584339
2711	0.0177855
2712	0.01506649
2713	0.04300462
2714	0.008467111999999999
2715	0.006974236
2716	0.006109041999999999
2717	0.005903891999999999
2718	0.0055862080000000005
2719	0.005253966
2720	0.004897413
2721	0.0038668490000000003
2722	0.003216033
2723	0.002230265
2724	0.001126784
2725	0.00018769189999999998
2726	0.0001369707
2727	0.00039502900000000003
2728	0.004195593
2729	0.008628742
2730	0.0003727453
2731	0.0004317764
2732	0.0005717484
2733	0.0007005522
2734	0.0008357775
2735	0.0006016708000000001
2736	6.877232e-05
2737	6.5335749999999995e-06
2738	7.107546e-06
2739	1.017344e-05
2740	1.186443e-05
2741	1.208531e-05
2742	1.1692699999999999e-05
2743	1.1889180000000002e-05
2744	3.2144640000000003e-07
2745	8.137295e-08
2746	4.48682e-09
2747	3.355135e-09
2748	3.666663e-09
2749	5.688068e-09
2750	2.367257e-07
2751	3.2072979999999995e-05
2752	0.0008651860000000001
2753	0.000387882
2754	2.5336390000000003e-05
2755	1.9360929999999998e-05
2756	1.3323610000000001e-05
2757	7.410367e-06
2758	1.290594e-05
2759	8.74227e-05
2760	0.006484943000000001
2761	0.02757989
2762	0.03814745
2763	0.04917561
2764	0.05881932
2765	0.06939883
2766	0.07372023
2767	0.08428062
2768	0.09710816
2769	0.1055941
2770	0.11802460000000001
2771	0.1314543
2772	0.1501328
2773	0.24581509999999998
2774	0.2616458
2775	0.3090791
2776	0.36142199999999997
2777	0.5758618000000001
2778	0.46128859999999994
2779	0.32784650000000004
2780	0.2189085
2781	0.23738520000000002
2782	0.22729429999999998
2783	0.21843520000000002
2784	0.2188229
2785	0.2402282
2786	0.2301817
2787	0.21014610000000003
2788	0.1983546
2789	0.1734743
2790	0.153611
2791	0.1408444
2792	0.12710410000000003
2793	0.11923510000000001
2794	0.11326489999999999
2795	0.1301233
2796	0.16779029999999998
2797	0.170744
2798	0.1727592
2799	0.112238
2800	0.09443152
2801	0.09441962
2802	0.09612393
2803	0.10727
2804	0.09760718
2805	0.01246131
2806	0.008460705
2807	0.006619941
2808	0.005801606999999999
2809	0.004612728
2810	0.0038509309999999997
2811	0.0036511240000000004
2812	0.003543685
2813	0.003502431
2814	0.003801401
2815	0.001725184
2816	0.0003098094
2817	0.0001293102
2818	0.0001312647
2819	0.00024218299999999998
2820	9.371245999999999e-05
2821	0.0001280414
2822	0.0001071007
2823	0.00019147259999999997
2824	0.0003829239
2825	0.0002459289
2826	0.0001133896
2827	0.001156338
2828	0.001999758
2829	0.0016677
2830	0.001361591
2831	0.0014731770000000002
2832	0.000965128
2833	0.0005850776
2834	0.0002707676
2835	7.227849e-05
2836	7.837284999999999e-05
2837	3.2857540000000005e-05
2838	2.103683e-05
2839	2.7442440000000003e-05
2840	5.4898369999999994e-05
2841	1.617924e-05
2842	1.22375e-05
2843	6.6962279999999994e-06
2844	3.7203829999999997e-06
2845	3.909728e-06
2846	5.3195780000000005e-06
2847	4.095738e-06
2848	5.026995999999999e-06
2849	4.44528e-06
2850	5.473778999999999e-06
2851	8.155919e-06
2852	2.524212e-05
2853	8.805698e-05
2854	0.00016773
2855	0.00116878
2856	0.00042628089999999995
2857	3.433255e-05
2858	4.1959070000000006e-07
2859	2.3887540000000003e-06
2860	4.279489e-06
2861	2.9544400000000003e-06
2862	1.1097429999999999e-05
2863	1.028174e-05
2864	1.233895e-05
2865	3.765966e-05
2866	0.002418121
2867	0.001274905
2868	0.0005482334
2869	3.947015e-05
2870	2.081458e-05
2871	1.568733e-05
2872	1.2255989999999999e-05
2873	9.896455e-06
2874	1.2328789999999999e-05
2875	5.1290519999999994e-05
2876	4.989678e-05
2877	0.0001004116
2878	0.00010411659999999999
2879	4.4075070000000006e-05
2880	3.0479990000000002e-05
2881	1.785716e-05
2882	1.1055299999999999e-05
2883	5.837416e-06
2884	1.9667720000000003e-05
2885	6.273446e-05
2886	0.00026654040000000003
2887	0.001194086
2888	0.001303428
2889	0.0015102339999999998
2890	0.001273405
2891	0.001218345
2892	0.0004686805
2893	0.0005860865
2894	0.000950836
2895	0.001408009
2896	0.0020070310000000003
2897	0.0050784079999999995
2898	0.01150129
2899	0.02268842
2900	0.0069973119999999995
2901	0.002762728
2902	0.002102267
2903	0.0008930111999999999
2904	0.0002858652
2905	0.00026041
2906	0.0002640525
2907	0.0002763501
2908	0.0006508772
2909	0.0006099848
2910	0.001135054
2911	0.0006278701
2912	0.000354098
2913	0.00013635440000000002
2914	6.379944000000001e-05
2915	0.001428384
2916	0.0005399261
2917	0.0002922013
2918	0.0003148699
2919	0.0003158753
2920	9.431283999999999e-05
2921	2.547947e-05
2922	2.1952870000000002e-05
2923	1.807346e-05
2924	1.495815e-05
2925	1.8562609999999998e-05
2926	1.1312429999999999e-05
2927	8.448649e-06
2928	1.238433e-05
2929	0.000262502
2930	0.0005458345
2931	8.698450000000001e-05
2932	2.077132e-05
2933	5.874628e-06
2934	5.858480000000001e-06
2935	2.443636e-05
2936	6.425165e-05
2937	0.0001044725
2938	0.0001253066
2939	0.00011592540000000001
2940	3.283074e-05
2941	3.777417e-05
2942	4.4861949999999995e-05
2943	0.0007060556
2944	0.001717062
2945	0.002805615
2946	0.004038186
2947	0.005640179
2948	0.006681864
2949	0.007918429
2950	0.00977976
2951	0.011208599999999999
2952	0.01740229
2953	0.03165244
2954	0.05160582
2955	0.07010514
2956	0.001739205
2957	0.0006921030999999999
2958	0.0009594641000000001
2959	0.002198217
2960	0.00234863
2961	0.003278273
2962	0.003236578
2963	0.003254748
2964	0.00122152
2965	0.0005056133999999999
2966	0.0006209644
2967	0.0006834988
2968	0.007416383
2969	0.05851966
2970	0.04666061
2971	0.03802934
2972	0.02618939
2973	0.008988290999999999
2974	0.002697788
2975	0.0031361170000000003
2976	0.003987426
2977	0.00488863
2978	0.005700566999999999
2979	0.00773067
2980	0.009394513
2981	0.01115429
2982	0.012942799999999999
2983	0.01425824
2984	0.01605187
2985	0.01785967
2986	0.02098061
2987	0.03339837
2988	0.06273978
2989	0.3895844
2990	0.3912011
2991	0.39962929999999997
2992	0.39842690000000003
2993	0.40557209999999994
2994	0.1966326
2995	0.10420789999999999
2996	0.06561139999999999
2997	0.04705431
2998	0.03178723
2999	0.01842566
3000	0.0063749869999999995
3001	0.005612995
3002	0.00483435
3003	0.00327506
3004	0.004949581
3005	0.00190817
3006	0.001136402
3007	0.0002109162
3008	1.530884e-05
3009	6.424300999999999e-05
3010	6.370576e-05
3011	1.082277e-05
3012	1.2798040000000001e-06
3013	6.080331999999999e-07
3014	1.3200999999999999e-06
3015	5.786987e-07
3016	9.801897e-06
3017	9.545589e-06
3018	9.557575e-06
3019	9.585419e-06
3020	7.479962e-07
3021	1.4591390000000002e-06
3022	2.974105e-06
3023	1.872112e-05
3024	0.0001131864
3025	0.0002099836
3026	0.0003173851
3027	0.0003902244
3028	0.0005455607
3029	0.0005438940000000001
3030	1.5638289999999998e-05
3031	8.703184999999999e-05
3032	0.0001420932
3033	7.856253000000001e-05
3034	6.35814e-05
3035	3.452929e-05
3036	2.611446e-05
3037	2.2385860000000003e-05
3038	0.0004743822
3039	0.0004648294
3040	0.0005027382
3041	0.0005027893
3042	0.0001427927
3043	7.699447e-05
3044	1.711144e-05
3045	1.2374400000000001e-05
3046	2.3664989999999997e-05
3047	3.6436309999999996e-05
3048	6.064706e-05
3049	0.0001476165
3050	0.0001876675
3051	0.0002624654
3052	0.000372515
3053	0.0005398472
3054	0.0009477129
3055	0.002438084
3056	0.002818307
3057	0.003237973
3058	0.00075613
3059	0.0007065111
3060	0.006992737
3061	0.01229804
3062	0.008115569
3063	0.005994975
3064	0.005266102
3065	0.004661516
3066	0.005071901
3067	0.003690015
3068	0.003498858
3069	0.0018833670000000002
3070	0.001421255
3071	0.004903712
3072	0.003007808
3073	0.002041283
3074	0.001698171
3075	0.001500214
3076	0.002039786
3077	0.004489435999999999
3078	0.004435193
3079	0.007857021
3080	0.02183803
3081	0.02437314
3082	0.02795123
3083	0.03154185
3084	0.09409796
3085	0.09585955
3086	0.03941616
3087	0.04064725
3088	0.04793385
3089	0.05213315
3090	0.04875112
3091	0.04917279
3092	0.04050895
3093	0.0528562
3094	0.01704259
3095	0.01989441
3096	0.01503947
3097	0.01076569
3098	0.01206802
3099	0.01369397
3100	0.01520855
3101	0.01659291
3102	0.00017667880000000002
3103	3.0974070000000003e-05
3104	2.117573e-05
3105	1.30505e-05
3106	1.057137e-05
3107	1.3172860000000001e-05
3108	9.764621e-06
3109	7.888488e-06
3110	2.702391e-06
3111	2.7413979999999997e-05
3112	2.207448e-05
3113	2.043972e-05
3114	1.944392e-05
3115	4.604224e-06
3116	3.310598e-06
3117	2.2117270000000004e-05
3118	5.382144e-05
3119	9.262871999999999e-05
3120	0.0001346249
3121	0.0002732276
3122	1.2913239999999998e-05
3123	3.521463e-06
3124	7.993117999999999e-07
3125	7.227601e-07
3126	9.451799999999998e-07
3127	1.2665999999999999e-06
3128	7.513424000000001e-07
3129	9.431436999999999e-07
3130	1.599887e-06
3131	1.7590099999999999e-06
3132	1.503638e-05
3133	4.6919700000000004e-05
3134	1.7594029999999997e-05
3135	7.470730999999999e-06
3136	9.072243e-06
3137	1.869767e-05
3138	0.0001053959
3139	0.0003956626
3140	0.0007846476
3141	0.0005599958
3142	0.0004309658
3143	0.005135061
3144	0.00360501
3145	0.002324634
3146	0.001144702
3147	0.00010580979999999999
3148	4.9338040000000004e-05
3149	5.783936e-05
3150	4.589991e-05
3151	9.748924e-05
3152	5.636519e-05
3153	5.133858e-05
3154	1.421359e-05
3155	1.384776e-05
3156	2.664091e-05
3157	1.103105e-05
3158	0.0001874073
3159	0.00018637340000000001
3160	0.00019417759999999998
3161	0.00020171
3162	0.001363284
3163	0.001050067
3164	0.0009783642
3165	0.0006238505000000001
3166	0.000698937
3167	0.001020931
3168	0.0028562490000000004
3169	0.002604107
3170	0.003163793
3171	0.04907387
3172	0.04974109
3173	0.06493471
3174	0.06923484
3175	0.07228585
3176	0.09379575
3177	0.09650918
3178	0.07501982
3179	0.08228861
3180	0.1271849
3181	0.1296935
3182	0.1266978
3183	0.1375779
3184	0.222392
3185	0.21662820000000002
3186	0.1759074
3187	0.10632449999999999
3188	0.107899
3189	0.12062529999999999
3190	0.10716989999999998
3191	0.08421475
3192	0.07936622
3193	0.0830328
3194	0.08310885
3195	0.07413992
3196	0.07183378
3197	0.07341421
3198	0.07953606
3199	0.07889192
3200	0.08205436
3201	0.09197856
3202	0.09817505
3203	0.10130510000000001
3204	0.1347886
3205	0.1282345
3206	0.1377592
3207	0.1631256
3208	0.21527510000000002
3209	0.1029538
3210	0.1081896
3211	0.10879460000000002
3212	0.11190230000000001
3213	0.106439
3214	0.10782280000000001
3215	0.09145849
3216	0.09462371
3217	0.09908762
3218	0.09727326
3219	0.008259806
3220	0.001826572
3221	0.0008829756
3222	0.000821989
3223	0.0008778169999999999
3224	0.0006361534
3225	0.0006162573
3226	0.0006122479
3227	0.0006196821
3228	0.0008177927
3229	0.001157506
3230	0.0002402514
3231	0.0002770612
3232	0.0003698282
3233	0.001074811
3234	0.0009879694
3235	0.001877519
3236	0.001948935
3237	0.00179095
3238	0.001739637
3239	0.0015466339999999999
3240	0.001067922
3241	0.001864499
3242	0.002360927
3243	0.004442628
3244	0.005611548
3245	0.009179053000000001
3246	0.01064376
3247	0.01713682
3248	0.02765045
3249	0.03936753
3250	0.05166199
3251	0.06417691
3252	0.07671937
3253	0.08885671
3254	0.09888575
3255	0.1142289
3256	0.002399414
3257	0.001410158
3258	0.0015488079999999998
3259	0.0016211189999999999
3260	0.0013138289999999999
3261	0.0014443420000000002
3262	0.001611735
3263	0.0007326139999999999
3264	0.0005189682
3265	0.001319643
3266	0.0010819339999999999
3267	0.0008342965
3268	0.0007936589999999999
3269	0.001569044
3270	0.001772885
3271	0.0025186889999999997
3272	0.005232954000000001
3273	0.0059312919999999995
3274	0.006695419
3275	0.008009685
3276	0.009260335
3277	0.01381173
3278	0.02297597
3279	0.04471947
3280	0.05726607
3281	0.08533114
3282	0.10334059999999999
3283	0.1284223
3284	0.1433306
3285	0.15864479999999997
3286	0.26741679999999995
3287	0.2926458
3288	0.8660631999999999
3289	0.7618924
3290	0.5757066999999999
3291	0.5038155
3292	0.4894664000000001
3293	0.47388149999999996
3294	0.4620071
3295	0.4449161
3296	0.2730531
3297	0.24397979999999997
3298	0.1944804
3299	0.1813479
3300	0.17087660000000002
3301	0.1616854
3302	0.15227249999999998
3303	0.1429065
3304	0.134211
3305	0.1265233
3306	0.12314589999999999
3307	0.1259165
3308	0.1173556
3309	0.10846689999999999
3310	0.10846099999999999
3311	0.11083110000000002
3312	0.1821555
3313	0.6384228
3314	0.2249507
3315	0.1811523
3316	0.1429684
3317	0.10093289999999999
3318	0.10687100000000001
3319	0.1022288
3320	0.1077899
3321	0.10582830000000001
3322	0.1062825
3323	0.111149
3324	0.10007460000000001
3325	0.10459669999999999
3326	0.11092429999999999
3327	0.10486019999999999
3328	0.11007149999999999
3329	0.11533679999999999
3330	0.1234219
3331	0.1775086
3332	0.18871329999999997
3333	0.32200270000000003
3334	0.3240662
3335	0.3305926
3336	0.33732249999999997
3337	0.41055340000000007
3338	0.5581156999999999
3339	0.5432832
3340	0.4225376
3341	0.4976031
3342	0.4499294
3343	0.42697109999999994
3344	0.42369480000000004
3345	0.3888999
3346	0.38029650000000004
3347	0.38295029999999997
3348	0.37508969999999997
3349	0.3669695
3350	0.3675368
3351	0.35685959999999994
3352	0.3491187
3353	0.1652098
3354	0.1488192
3355	0.1284215
3356	0.1197182
3357	0.1130118
3358	0.10919389999999998
3359	0.0472796
3360	0.009362602
3361	0.0008616791
3362	0.0003554282
3363	0.00035391489999999997
3364	0.00032450759999999996
3365	0.00031078299999999997
3366	0.0003142677
3367	0.0005233333000000001
3368	0.001036037
3369	0.0018205139999999999
3370	0.002446052
3371	0.002250144
3372	0.0005049011
3373	0.0004971054
3374	0.0005207191
3375	0.001016893
3376	0.01849615
3377	0.03719256
3378	0.02786189
3379	0.01924828
3380	0.01567406
3381	0.01049493
3382	0.0066903019999999995
3383	0.004708425
3384	0.0019906520000000003
3385	0.001707615
3386	0.002142129
3387	0.002847299
3388	0.00368463
3389	0.005344316
3390	0.006461142
3391	0.01481508
3392	0.0830133
3393	0.08955668
3394	0.08669661
3395	0.01752506
3396	0.01970911
3397	0.01063733
3398	0.01526858
3399	0.01834843
3400	0.02319489
3401	0.02781531
3402	0.04619107
3403	0.05214152
3404	0.06506809
3405	0.1002865
3406	0.09272817
3407	0.07125768
3408	0.07594702
3409	0.1711873
3410	0.198492
3411	0.20800679999999996
3412	0.2355741
3413	0.2818222
3414	0.29277109999999995
3415	0.20160870000000003
3416	0.1392721
3417	0.09900481
3418	0.1901454
3419	0.03087501
3420	0.018587
3421	0.007717836
3422	0.006031383
3423	0.006004166
3424	0.005808538
3425	0.005600823
3426	0.005824508000000001
3427	0.003192565
3428	0.002365059
3429	0.001971221
3430	0.001691043
3431	0.0015193479999999998
3432	0.0013200479999999999
3433	0.001305412
3434	0.00119192
3435	0.005519759
3436	0.03159134
3437	0.02687643
3438	0.02197145
3439	0.01760057
3440	0.01410147
3441	0.009307648
3442	0.004922721
3443	0.0037811209999999997
3444	0.00184561
3445	3.1677009999999996e-05
3446	0.00010114959999999999
3447	0.0001085536
3448	0.0001178582
3449	0.00011587030000000001
3450	0.0001261693
3451	0.0001408919
3452	9.198943e-06
3453	1.004437e-05
3454	1.1292460000000001e-05
3455	1.3173470000000001e-05
3456	1.612461e-05
3457	2.0009679999999998e-05
3458	0.00010665360000000001
3459	0.0003990243
3460	0.0003459528
3461	0.0001354357
3462	0.0001395915
3463	7.807829e-05
3464	7.269727e-05
3465	0.00012170209999999999
3466	0.008421661
3467	0.01516311
3468	0.013533799999999999
3469	0.01021341
3470	0.0037922459999999996
3471	0.0009504261
3472	0.000144387
3473	2.429969e-05
3474	2.8896740000000003e-05
3475	6.830533e-05
3476	4.565229e-05
3477	4.7053190000000005e-05
3478	6.485456e-05
3479	9.230396e-05
3480	9.913364999999999e-05
3481	5.7108969999999996e-05
3482	3.346402e-05
3483	2.8771490000000003e-05
3484	3.282794e-05
3485	0.0001294597
3486	0.0004271489
3487	0.005470008
3488	0.02117779
3489	0.02082886
3490	0.02363477
3491	0.02506256
3492	0.0002610123
3493	7.157503000000001e-05
3494	6.972906999999999e-05
3495	7.554249e-05
3496	0.0001137333
3497	0.0001591784
3498	0.0002758036
3499	0.000323163
3500	0.0004626354
3501	0.0006945988
3502	0.0008756013
3503	0.0009984439
3504	0.001172138
3505	0.0015885370000000001
3506	0.01106614
3507	0.1565049
3508	0.2762989
3509	0.24142660000000002
3510	0.23771420000000001
3511	0.2281002
3512	0.24170389999999997
3513	0.20991710000000002
3514	0.4328519
3515	0.42187209999999997
3516	0.409502
3517	0.01898207
3518	0.0017434360000000001
3519	0.0004155111
3520	0.0004003254
3521	0.0003837075
3522	0.000373325
3523	5.941e-05
3524	4.378243e-05
3525	3.988058e-05
3526	4.0410509999999996e-05
3527	4.263322e-05
3528	4.928401e-05
3529	5.543441e-05
3530	3.7288029999999996e-06
3531	1.0466549999999999e-05
3532	0.00043393239999999997
3533	0.0028021079999999998
3534	0.0032775290000000004
3535	0.003748664
3536	0.00422806
3537	0.004934145
3538	0.00714369
3539	0.008184828
3540	0.01997965
3541	0.02161155
3542	0.02257062
3543	0.02102691
3544	0.0070482819999999995
3545	0.02446107
3546	0.01504218
3547	0.01402158
3548	0.0100172
3549	0.009713769
3550	0.009953428
3551	0.006310346999999999
3552	0.005616545
3553	0.005215916
3554	0.0058137480000000005
3555	0.005583724
3556	0.0008685069
3557	0.0005749961
3558	0.0003615221
3559	0.0003336457
3560	0.0003547625
3561	0.00029633759999999997
3562	0.0003701357
3563	0.0003282798
3564	0.0001539088
3565	0.0001284963
3566	0.0001343424
3567	0.0001763799
3568	0.0003843683
3569	0.0006600454
3570	0.0015711260000000002
3571	0.0010782489999999999
3572	0.0007889175
3573	0.00023921860000000001
3574	0.0001609041
3575	0.0001153788
3576	0.0002316936
3577	0.000198985
3578	0.0001595837
3579	0.002091113
3580	0.002308949
3581	0.000310912
3582	0.001735561
3583	0.001641505
3584	0.001487638
3585	2.38744e-05
3586	1.099113e-06
3587	1.046751e-06
3588	3.719137e-05
3589	0.0006240796
3590	0.0002422362
3591	0.0002923038
3592	3.903678e-05
3593	1.09373e-06
3594	1.952876e-08
3595	2.378708e-09
3596	2.417901e-09
3597	2.398539e-09
3598	3.646036e-09
3599	1.4022170000000002e-07
3600	0.00036582300000000004
3601	0.000365545
3602	8.832393e-06
3603	6.4073320000000005e-06
3604	8.764805e-06
3605	3.121232e-05
3606	8.441131000000001e-06
3607	2.5346420000000004e-07
3608	3.386926e-07
3609	8.677226e-05
3610	0.00018222060000000002
3611	0.00022720110000000002
3612	0.0002572299
3613	0.0002868032
3614	7.924035e-05
3615	2.707245e-05
3616	1.040972e-05
3617	7.488724e-06
3618	4.310582e-06
3619	5.197901e-07
3620	5.766081999999999e-07
3621	3.454138e-06
3622	1.749128e-05
3623	0.0007179464
3624	0.0011535389999999999
3625	0.0007255056
3626	0.0005456526
3627	6.018191e-05
3628	4.937333e-05
3629	1.242163e-05
3630	6.046229e-06
3631	2.847854e-06
3632	1.740136e-06
3633	1.850175e-06
3634	8.845104e-06
3635	1.017062e-05
3636	1.2915350000000002e-05
3637	2.8054340000000003e-05
3638	5.884813e-05
3639	0.0001344533
3640	0.0001505718
3641	0.00025016919999999997
3642	8.340848e-05
3643	3.931140000000001e-06
3644	3.39438e-07
3645	1.869597e-06
3646	4.2373719999999995e-06
3647	4.369927e-06
3648	5.793509e-06
3649	4.744528e-06
3650	8.347372e-06
3651	6.140507e-06
3652	4.374039e-06
3653	1.716895e-05
3654	3.965259e-05
3655	0.0001152956
3656	0.0005178161
3657	0.00022680619999999998
3658	0.0001792774
3659	1.658148e-05
3660	1.039143e-06
3661	1.327276e-06
3662	1.6120419999999999e-06
3663	2.712205e-06
3664	2.000092e-06
3665	2.199976e-06
3666	2.249496e-06
3667	2.460964e-06
3668	3.398231e-06
3669	0.00035423230000000005
3670	0.0046775770000000005
3671	0.009684891
3672	0.06280694
3673	0.01705827
3674	0.02102297
3675	0.02588499
3676	0.02976574
3677	0.03453311
3678	0.06860296
3679	0.07809206
3680	0.1097022
3681	0.1250297
3682	0.1511392
3683	0.1616134
3684	0.1597659
3685	0.1710517
3686	0.1843668
3687	0.21453899999999998
3688	0.2410101
3689	0.277827
3690	0.41363059999999996
3691	0.6635800000000001
3692	0.6523251999999999
3693	0.6535158000000001
3694	0.6225966
3695	0.6016201999999999
3696	0.5210028
3697	0.5115347
3698	0.5055999
3699	0.1487236
3700	0.1246473
3701	0.1030921
3702	0.01279454
3703	0.0008532109
3704	6.155507e-06
3705	1.047471e-06
3706	8.597198e-07
3707	8.270794000000001e-07
3708	8.080024000000001e-07
3709	7.877658000000001e-07
3710	7.289696e-07
3711	6.435134000000001e-07
3712	4.768822000000001e-07
3713	3.11903e-07
3714	2.0409890000000001e-07
3715	1.543043e-07
3716	2.125998e-06
3717	1.572217e-06
3718	8.575286e-07
3719	3.971989e-05
3720	9.979929e-05
3721	0.0002358262
3722	0.0003642338
3723	0.0004913713
3724	0.0039465559999999995
3725	0.004159576
3726	0.00448044
3727	0.004804755
3728	0.005686460999999999
3729	0.0052702240000000004
3730	0.006136181
3731	0.07113656
3732	0.07558984
3733	0.08342581
3734	0.08542608
3735	0.09198671
3736	0.09900599
3737	0.01552925
3738	0.01156958
3739	0.007207113
3740	0.01893368
3741	0.01642109
3742	0.01684301
3743	0.01619764
3744	0.01588352
3745	0.002662934
3746	0.001538176
3747	0.0009162649000000001
3748	0.0004622557
3749	0.0003162084
3750	0.0003764342
3751	0.00010534790000000002
3752	8.394172e-06
3753	5.3281e-06
3754	0.0004637432
3755	0.001154743
3756	0.0003274243
3757	4.57525e-06
3758	2.3158900000000003e-06
3759	2.162686e-06
3760	2.110949e-06
3761	2.042665e-06
3762	4.6808729999999995e-07
3763	3.3006009999999997e-07
3764	1.53815e-07
3765	4.2645389999999997e-07
3766	2.3344220000000002e-06
3767	3.4673540000000005e-06
3768	8.498689000000001e-07
3769	2.6546269999999996e-06
3770	2.247487e-06
3771	1.854127e-06
3772	1.550109e-06
3773	1.496327e-06
3774	1.6226840000000001e-06
3775	5.507226999999999e-07
3776	1.0607749999999999e-07
3777	3.4685879999999996e-07
3778	9.694940999999998e-05
3779	0.001690308
3780	0.0037830679999999997
3781	0.0058251909999999995
3782	0.007943133
3783	0.010057700000000001
3784	0.01221035
3785	0.01449739
3786	0.01876804
3787	0.02382257
3788	0.02444386
3789	0.0030995320000000003
3790	0.0002464659
3791	0.0006168451
3792	0.0006316545
3793	0.0006052997
3794	0.0005272308999999999
3795	0.00043415260000000003
3796	0.0003419917
3797	0.0003987359
3798	0.03036187
3799	0.1052141
3800	0.09365634
3801	0.08305067
3802	0.08148273
3803	0.06791403
3804	0.05384074
3805	0.0396505
3806	0.03021284
3807	0.02651803
3808	0.0138357
3809	0.01311281
3810	0.01333262
3811	0.004460701
3812	0.0009904074000000001
3813	0.00020743360000000002
3814	0.0001517224
3815	0.0001730004
3816	0.000202937
3817	0.0001276657
3818	3.643465e-05
3819	4.884019e-05
3820	1.076172e-06
3821	8.587276e-07
3822	2.719211e-07
3823	2.85268e-07
3824	2.7961020000000004e-07
3825	2.67654e-07
3826	6.292651999999999e-07
3827	5.308705999999999e-06
3828	9.274715e-06
3829	9.313929e-06
3830	1.1675610000000001e-05
3831	1.6976089999999998e-05
3832	5.940508000000001e-05
3833	9.272341999999999e-05
3834	0.002987198
3835	0.001001734
3836	2.95286e-05
3837	2.7839499999999997e-05
3838	3.4076190000000003e-05
3839	4.161252e-05
3840	4.8953420000000006e-05
3841	5.485654e-05
3842	6.0618830000000005e-05
3843	6.446555e-05
3844	7.170736e-05
3845	7.915975999999999e-05
3846	8.935439e-05
3847	0.002396825
3848	0.01234066
3849	0.02397794
3850	0.05784073
3851	0.08679473
3852	0.26821799999999996
3853	0.2718238
3854	0.2766143
3855	0.4067903
3856	0.40867129999999996
3857	0.3735235
3858	0.3252115
3859	0.3236869
3860	0.2915928
3861	0.2660715
3862	0.2943553
3863	0.35590340000000004
3864	0.03337358
3865	0.01960749
3866	0.0184899
3867	0.01279174
3868	0.00929214
3869	0.0052129540000000005
3870	0.003539074
3871	0.0021957929999999997
3872	0.001466799
3873	0.0008957558
3874	0.00041423800000000004
3875	0.0003745593
3876	0.00035157309999999997
3877	0.0003483181
3878	0.0002126513
3879	0.0004191115
3880	0.0003155055
3881	0.0005354928
3882	0.0001700852
3883	0.00017955439999999998
3884	6.0060030000000006e-05
3885	4.098644e-05
3886	3.9242040000000004e-05
3887	5.3452440000000006e-05
3888	0.0006256205000000001
3889	0.0006161134
3890	0.0006123908
3891	0.0005111801999999999
3892	0.0004342786
3893	0.0003161569
3894	0.00036236410000000004
3895	0.00013832620000000002
3896	0.000282367
3897	0.0005127888
3898	0.0007529631
3899	0.05325458
3900	0.04734555
3901	0.03531223
3902	0.02652229
3903	0.0287798
3904	0.02605264
3905	0.02342501
3906	0.02088405
3907	0.01971795
3908	0.01727442
3909	0.01491464
3910	0.01049436
3911	0.006102679000000001
3912	0.003803128
3913	0.0033968590000000003
3914	0.00307056
3915	0.002716422
3916	0.007324675
3917	0.005804981
3918	0.004182551
3919	0.0033984540000000004
3920	0.003384087
3921	0.00339542
3922	0.003693177
3923	0.0064043319999999996
3924	0.01235877
3925	0.01211429
3926	0.03574472
3927	0.0383542
3928	0.03828678
3929	0.04548905
3930	0.034893400000000005
3931	0.02843172
3932	0.04182107
3933	0.16362220000000002
3934	0.11364210000000001
3935	0.10656900000000001
3936	0.11079059999999999
3937	0.110949
3938	0.1100087
3939	0.1089402
3940	0.10842060000000002
3941	0.11164539999999999
3942	0.1115935
3943	0.11164120000000001
