end	14
1	0.9987391999999999
2	0.9986848
3	0.9578857
4	0.9577643
5	0.9564668
6	0.9562110999999999
7	0.1279959
8	0.1259469
9	0.1259069
10	0.1259038
11	0.1259013
12	0.1258997
13	0.125898
14	0.12589360000000002
15	0.125914
16	0.12281130000000001
17	0.02705708
18	0.0004944897
19	0.0004117686
20	0.0004129696
21	0.000772547
22	0.001055991
23	0.0007906667999999999
24	3.46856e-05
25	2.5276370000000002e-05
26	2.490281e-05
27	2.463318e-05
28	2.4413320000000004e-05
29	1.918067e-05
30	6.775425e-08
31	3.8344519999999996e-08
32	7.223994e-08
33	1.84808e-07
34	1.2291e-05
35	1.180125e-05
36	1.1544560000000002e-05
37	1.7838120000000003e-05
38	1.1859e-06
39	1.571187e-06
40	4.533293e-06
41	3.877623e-05
42	3.749203e-05
43	3.629119e-05
44	5.826361000000001e-06
45	1.002044e-05
46	2.8437880000000003e-06
47	1.6255820000000003e-05
48	1.6025710000000002e-05
49	1.601076e-05
50	8.895223e-06
51	4.142964e-06
52	3.381955e-05
53	0.0009183889999999999
54	0.003180089
55	0.0001041658
56	3.958857e-05
57	4.7577840000000007e-05
58	5.834456e-05
59	6.489501000000001e-05
60	7.456376e-05
61	0.0001896669
62	0.000572987
63	0.0005825475
64	0.0007392596
65	0.0005485247
66	5.0846720000000004e-05
67	5.990821999999999e-05
68	0.0001392077
69	0.0001514859
70	0.00019794470000000002
71	0.0004426199
72	0.00036168830000000003
73	0.0003761592
74	0.00022336060000000002
75	0.0002272722
76	2.708057e-05
77	2.7347909999999997e-05
78	1.552933e-05
79	1.4567179999999999e-05
80	3.892214e-05
81	3.0303320000000003e-05
82	4.044034e-05
83	8.246421e-05
84	0.0003370598
85	0.0003410897
86	0.00033378
87	7.050719e-05
88	1.66122e-05
89	0.00036745809999999996
90	0.001120614
91	0.0001418097
92	0.0001130283
93	8.950876e-05
94	6.878718e-05
95	4.9072920000000004e-05
96	4.976916e-05
97	5.859063e-05
98	6.147453e-05
99	4.5070070000000005e-05
100	4.674403e-05
101	4.657906e-05
102	5.1031329999999996e-05
103	4.13512e-05
104	4.7576709999999995e-05
105	0.00018548540000000002
106	0.0002331185
107	0.000413855
108	9.532191e-06
109	1.486547e-05
110	5.647057e-05
111	0.0001499958
112	0.0002359832
113	0.0002706684
114	0.0003336417
115	0.0002024882
116	0.0002192501
117	0.0006561442
118	0.007045495
119	0.006396966
120	0.01616842
121	0.01812074
122	0.09396979999999999
123	0.0987858
124	0.1019938
125	0.1057902
126	0.10009689999999999
127	0.09570885
128	0.09667623
129	0.05414693
130	0.03042354
131	0.03044674
132	0.02688686
133	0.02167529
134	0.01824322
135	0.01945096
136	0.001522977
137	0.001275632
138	0.0009623323
139	0.0002352302
140	0.0001752755
141	0.0001362687
142	0.0001232176
143	0.0001162203
144	0.0001090281
145	9.755103999999999e-05
146	9.531889e-05
147	7.691763000000001e-05
148	0.0014819829999999999
149	0.0002418006
150	6.31008e-05
151	9.696735e-05
152	3.4398059999999996e-05
153	7.326251e-06
154	1.077338e-05
155	1.5794229999999997e-05
156	2.149226e-05
157	1.79568e-05
158	2.037971e-05
159	7.822557000000001e-06
160	6.183439e-06
161	2.39669e-06
162	3.192043e-06
163	4.899773e-06
164	0.00010727559999999999
165	1.611919e-05
166	1.7456649999999998e-05
167	0.00019834549999999998
168	0.0006080405000000001
169	0.001097694
170	0.00011209909999999999
171	8.903059000000001e-05
172	9.779867000000001e-05
173	0.0004673435
174	0.0002325297
175	0.00018806860000000002
176	0.00019786119999999998
177	8.844209999999998e-05
178	8.347431e-05
179	0.003241985
180	0.010744799999999999
181	0.008394755
182	0.006267853
183	0.0035993979999999997
184	0.002496058
185	0.002092496
186	0.00163503
187	0.001369832
188	0.0006729799000000001
189	0.0001438636
190	5.6494480000000005e-05
191	5.865063e-05
192	0.0005181862
193	0.0005303730999999999
194	6.273784000000001e-05
195	5.7152890000000006e-05
196	6.0984069999999996e-05
197	7.838651e-05
198	0.00012790110000000001
199	3.580953e-05
200	4.636420999999999e-05
201	5.825422e-05
202	8.711344000000001e-05
203	7.437845e-06
204	5.570679e-06
205	5.894521e-05
206	2.8688390000000004e-05
207	2.715687e-05
208	3.7421729999999997e-05
209	0.0002309352
210	0.0001961086
211	0.0001702924
212	0.000152682
213	0.00014829549999999998
214	0.000132877
215	0.000109925
216	9.50164e-05
217	0.00193788
218	0.002563096
219	0.007769723
220	0.02380168
221	0.02762748
222	0.03522207
223	0.04087284
224	0.0446687
225	0.05131748
226	0.03735115
227	0.007520966
228	0.0017655120000000001
229	0.0013646329999999999
230	0.001562721
231	0.0018204360000000001
232	0.002137862
233	0.002534624
234	0.002941386
235	0.003552687
236	0.00530677
237	0.0056295519999999995
238	0.0007581011999999999
239	0.0006969131
240	0.0006950614999999999
241	0.0005134298
242	0.014057499999999999
243	0.009760379
244	0.0060638509999999994
245	0.002570006
246	0.001678803
247	0.0008071389999999999
248	0.00024206369999999998
249	9.112776e-05
250	2.1967600000000003e-05
251	1.601699e-05
252	1.0120789999999999e-05
253	7.630825e-06
254	5.129833999999999e-06
255	4.237574e-07
256	2.195277e-06
257	5.377325e-05
258	0.0007068004
259	0.001369873
260	0.005585421
261	0.02098511
262	0.02560925
263	0.03064818
264	0.03586213
265	0.0022498270000000003
266	0.002272425
267	0.002580449
268	0.001000073
269	0.0019768
270	0.004237037
271	0.01243725
272	0.01410224
273	0.005373182
274	0.004948313
275	0.005337884
276	0.005233925
277	0.005307618
278	0.005490208000000001
279	0.00036385
280	0.000237743
281	5.41637e-05
282	1.579079e-05
283	7.860437e-06
284	6.539942999999999e-06
285	1.316984e-05
286	7.584217e-06
287	3.226906e-06
288	5.782266e-06
289	4.482905e-06
290	3.794481e-06
291	3.864351e-06
292	3.842224e-06
293	5.2118290000000005e-05
294	0.001562325
295	0.01001236
296	0.02174823
297	0.02839296
298	0.03897647
299	0.09695676
300	0.08147280000000001
301	0.2722064
302	0.33444429999999997
303	0.32684120000000005
304	0.4840793
305	0.2125248
306	0.04657564
307	0.03365361
308	0.02225297
309	0.009200254
310	0.003050675
311	0.0016395589999999999
312	0.0005978902
313	0.0003676244
314	0.000202857
315	9.898608e-05
316	9.606311e-05
317	9.431085999999999e-05
318	9.414400000000001e-06
319	6.061477999999999e-06
320	1.1022860000000001e-05
321	3.221433e-05
322	5.2903180000000004e-05
323	0.000263867
324	0.0008185055
325	0.001125443
326	0.004522362
327	0.0005824186
328	0.001130376
329	0.002057607
330	0.002024734
331	0.002516829
332	0.0028338879999999997
333	0.0005570316
334	0.0008010696
335	0.003021942
336	0.01108682
337	0.008431912
338	0.0116049
339	0.01005607
340	0.008592097
341	0.007319125
342	0.005816058000000001
343	0.004516955
344	0.0018292929999999998
345	0.00107
346	0.0008146782000000001
347	0.0007781805
348	0.0008191876
349	0.00101865
350	0.0005978317
351	0.0006001066000000001
352	0.0002319836
353	8.133236e-05
354	3.679076e-05
355	3.138595e-05
356	3.450618e-05
357	2.344691e-05
358	2.287955e-05
359	3.412392e-05
360	3.709841e-05
361	3.17294e-05
362	0.00011539120000000001
363	0.000162134
364	0.00018461689999999998
365	0.00024032169999999999
366	0.00042023440000000004
367	0.00039753470000000003
368	0.000378442
369	0.00248823
370	0.00184668
371	0.001929969
372	0.001310261
373	0.001275721
374	0.001062124
375	0.0012293
376	0.001480575
377	0.001799005
378	0.0027730809999999997
379	0.0037864220000000002
380	0.01482022
381	0.01888446
382	0.02849374
383	0.01475664
384	0.03123207
385	0.03019979
386	0.029884300000000003
387	0.05211502
388	0.05338752
389	0.13223320000000002
390	0.158406
391	0.1566382
392	0.1236412
393	0.09304174
394	0.08298654
395	0.04778145
396	0.036613400000000004
397	0.03262967
398	0.03899111
399	0.06116254
400	0.30236399999999997
401	0.290567
402	0.28484879999999996
403	0.02353622
404	0.01449007
405	0.005049844
406	0.001966918
407	0.0021408620000000003
408	0.0008960255
409	0.0008519019
410	0.0010725280000000001
411	0.1159391
412	0.1159191
413	0.11341559999999999
414	0.00284398
415	0.0027766540000000004
416	0.003240365
417	0.0031386659999999996
418	0.001460576
419	0.002997244
420	0.009718632
421	0.01264728
422	0.01319345
423	0.01684447
424	0.01855033
425	0.01591513
426	0.01403506
427	0.01715413
428	0.02700845
429	0.03259684
430	0.02158286
431	0.009457756999999999
432	0.02036291
433	0.03306805
434	0.03012451
435	0.02367775
436	0.01846822
437	0.0149278
438	0.01454847
439	0.002576202
440	0.0016254989999999999
441	0.0008179663
442	0.0003825886
443	0.0001236966
444	5.5548280000000003e-05
445	0.0001040623
446	9.920822e-05
447	5.721314999999999e-05
448	5.698045999999999e-05
449	5.901361e-05
450	6.124109e-05
451	9.144860000000001e-05
452	9.495598e-05
453	0.0001671682
454	0.0002416737
455	0.0004503746
456	0.0008996064
457	0.00112515
458	0.007201675
459	0.0062500080000000005
460	0.006106236
461	0.007387829
462	0.009727574000000001
463	0.0004799274
464	0.0006061172
465	0.0003739331
466	0.0003161736
467	0.0003114778
468	0.00024862349999999996
469	0.0002716606
470	0.0002860788
471	0.00022391069999999998
472	0.0001755043
473	0.0001918596
474	5.308904e-05
475	3.21219e-05
476	1.639105e-05
477	6.51456e-07
478	3.5365490000000003e-07
479	4.907104e-08
480	1.602093e-07
481	7.639126000000001e-07
482	9.612009e-07
483	1.4556989999999999e-06
484	1.741797e-06
485	2.900813e-06
486	1.263722e-06
487	9.456497e-07
488	4.829869999999999e-07
489	2.010037e-05
490	0.00034242519999999995
491	0.000896185
492	0.005805986999999999
493	0.005440131999999999
494	0.002832682
495	0.002845915
496	0.001104938
497	0.001234279
498	0.0005109913
499	0.00015050329999999999
500	0.000137957
501	0.0001021953
502	7.889180999999999e-05
503	6.144727e-05
504	5.333786e-05
505	5.360751999999999e-05
506	2.63473e-05
507	2.13483e-06
508	1.609754e-06
509	1.6229900000000001e-06
510	1.616526e-06
511	5.717263000000001e-06
512	2.5547440000000002e-06
513	2.360285e-06
514	4.787452999999999e-05
515	0.001028696
516	0.0021719639999999998
517	0.002375874
518	0.001997609
519	0.003136993
520	0.005495043000000001
521	0.004843465999999999
522	0.005153448
523	0.006315608
524	0.007478115
525	0.004010299
526	0.0006427683
527	0.0001048618
528	9.483245000000001e-05
529	0.0001008384
530	9.850821e-05
531	0.000816179
532	0.001473694
533	0.00289815
534	0.01242808
535	0.01134178
536	0.009094583
537	0.007803406
538	0.00537444
539	0.002088441
540	0.0006703722999999999
541	0.0003920915
542	0.0001493547
543	4.546807e-05
544	6.550081e-05
545	9.545496e-05
546	7.008433000000001e-05
547	9.601791e-05
548	0.0001822001
549	0.0001157332
550	0.00011018659999999999
551	0.0001276978
552	0.0002457431
553	0.0002517275
554	0.0005705316000000001
555	0.001205511
556	0.001308465
557	0.002062207
558	0.003669194
559	0.003627515
560	0.003876577
561	0.00307124
562	0.002824979
563	0.002112928
564	0.0030738890000000002
565	0.006865085
566	0.007022441
567	0.009096889
568	0.01024567
569	0.036368
570	0.01339064
571	0.004888344
572	0.0040239329999999995
573	0.004593835
574	0.004591876
575	0.0048049370000000004
576	0.005116137
577	0.007118307
578	0.01010797
579	0.00598741
580	0.003239975
581	0.002403011
582	0.002287882
583	0.002052112
584	0.0019146
585	0.0066803769999999995
586	0.00639908
587	0.007283098000000001
588	0.005633824
589	0.0047211829999999995
590	0.004743756
591	0.004590896
592	0.004285929
593	0.0035549229999999998
594	0.0029105409999999996
595	0.0035019240000000004
596	0.002948621
597	0.0017040929999999998
598	0.001338448
599	0.001598013
600	0.001888324
601	0.01505493
602	0.007302943
603	0.01719469
604	0.01786552
605	0.008928283
606	0.005009856
607	0.0038766609999999996
608	0.0037056840000000003
609	0.003847481
610	0.003588022
611	0.003362216
612	0.0003610342
613	0.0003310105
614	9.015023000000001e-05
615	2.832724e-05
616	2.8319520000000004e-05
617	4.624680999999999e-05
618	4.12325e-05
619	3.6236279999999996e-05
620	2.363714e-05
621	2.552415e-05
622	2.834172e-05
623	4.615630999999999e-05
624	0.0003997243
625	0.00028877169999999997
626	0.0001712916
627	0.0001632686
628	0.0003649187
629	0.0005005448000000001
630	0.0018169470000000002
631	0.001972004
632	0.00289008
633	0.001956357
634	0.0001492169
635	6.690252e-05
636	1.4766570000000001e-05
637	1.343651e-05
638	1.54809e-05
639	0.0001302504
640	3.600885e-06
641	4.052166e-06
642	6.949773e-06
643	6.656806e-06
644	2.345821e-06
645	1.0589610000000001e-06
646	1.420662e-06
647	2.131637e-06
648	7.404167999999999e-06
649	1.558195e-05
650	1.8592249999999998e-05
651	2.066288e-05
652	1.024062e-05
653	1.2045850000000001e-05
654	1.996986e-05
655	0.0001283632
656	0.0002840815
657	0.0004986791000000001
658	0.0071316290000000004
659	0.007356369000000001
660	0.008036118
661	0.01945267
662	0.01121608
663	0.006570094
664	0.006378176
665	0.006379696999999999
666	0.01525219
667	0.01588922
668	0.04881727
669	0.06340814
670	0.07389368
671	0.10441379999999999
672	0.06106595
673	0.05808659
674	0.00213102
675	0.001576578
676	0.01039443
677	0.009217152
678	0.008178497
679	0.01134626
680	0.008219849
681	0.007062395
682	0.005580396
683	0.005285211
684	0.004775621
685	0.004493124
686	0.0037541709999999997
687	0.003919486
688	0.01173735
689	0.02657113
690	0.0388236
691	0.04756919
692	0.03558584
693	0.04254973
694	0.05173517
695	0.05538211
696	0.1270076
697	0.13224760000000002
698	0.1173873
699	0.10420689999999999
700	0.1760031
701	0.03359245
702	0.03757942
703	0.03673852
704	0.02761765
705	0.02154498
706	0.01880792
707	0.01712035
708	0.01542619
709	0.01402483
710	0.01350686
711	0.01299698
712	0.01154785
713	0.008459145999999999
714	0.007844351
715	0.04681825
716	0.04215609
717	0.03363624
718	0.02488905
719	0.015993
720	0.00783158
721	0.003334901
722	0.002602057
723	0.004010724
724	0.005827573000000001
725	0.008909506
726	0.01535492
727	0.02566619
728	0.03912166
729	0.04933252
730	0.06227152
731	0.075574
732	0.08538774
733	0.09639151
734	0.10758510000000002
735	0.1231249
736	0.1470237
737	0.1800418
738	0.24270740000000002
739	0.321482
740	0.3113248
741	0.319423
742	0.195376
743	0.19110510000000003
744	0.1017069
745	0.09641188
746	0.07819311
747	0.08883492
748	0.08451997
749	0.07376762
750	0.06464659
751	0.05512354
752	0.04383588
753	0.03497365
754	0.02650403
755	0.01845015
756	0.010145399999999999
757	0.0018355729999999998
758	0.0002753335
759	1.118279e-05
760	3.82859e-06
761	4.320102e-06
762	1.05142e-05
763	0.000173057
764	1.2706620000000001e-05
765	1.3181689999999999e-05
766	1.46091e-05
767	1.600534e-05
768	0.0002373572
769	0.002014119
770	0.01307445
771	0.024669299999999998
772	0.03628209
773	0.04427017
774	0.05552737
775	0.0329515
776	0.02340507
777	0.01836589
778	0.002660042
779	0.000281833
780	0.0002534994
781	0.0002341808
782	0.0001735223
783	7.133095000000001e-05
784	1.100724e-05
785	1.079331e-06
786	1.160031e-07
787	8.319672e-08
788	8.509014999999999e-07
789	5.954766999999999e-07
790	5.118112e-07
791	4.425599e-07
792	4.18655e-07
793	1.359504e-06
794	1.549777e-06
795	1.3653809999999998e-06
796	1.4704390000000002e-06
797	4.222911e-06
798	8.331861e-06
799	5.831335e-05
800	0.003060979
801	0.007155389
802	0.01198574
803	0.01689929
804	0.02626798
805	0.03621932
806	0.04772795
807	0.0591298
808	0.07061257
809	0.08314160000000001
810	0.0007651594
811	0.00041461339999999996
812	1.414027e-05
813	4.267041e-06
814	3.3730919999999997e-06
815	3.295961e-06
816	2.71728e-06
817	2.900559e-06
818	3.7853179999999996e-06
819	2.6616900000000004e-06
820	5.597007999999999e-06
821	1.606263e-05
822	3.3970960000000004e-06
823	1.41767e-06
824	1.137578e-06
825	1.964769e-06
826	4.3671859999999996e-07
827	2.007488e-06
828	8.726911e-06
829	0.0001587181
830	0.0003152875
831	0.00047323010000000003
832	0.0006367456
833	0.0009949028
834	0.0015781529999999999
835	0.0019501310000000001
836	0.004313858
837	0.01752356
838	0.0511274
839	0.05626433
840	0.07828068
841	0.19405479999999997
842	0.21403339999999998
843	0.2392819
844	0.6575081
845	0.653302
846	0.6491773000000001
847	0.6445715
848	0.6406138000000001
849	0.6367814
850	0.6329479
851	0.6313194999999999
852	0.6296208000000001
853	0.6365975
854	0.7012851
855	0.8853494000000001
856	0.8803868
857	0.884777
858	0.8848543
859	0.8775491
860	0.880819
861	0.8126936
862	0.8101406999999999
863	0.8050733
864	0.7872151999999999
865	0.6415327
866	0.3988223
867	0.2592224
868	0.25228490000000003
869	0.2560902
870	0.2608224
871	0.2530038
872	0.248867
873	0.24315520000000002
874	0.2419236
875	0.23642960000000002
876	0.240954
877	0.2314728
878	0.03810142
879	0.03074907
880	0.03205958
881	0.03813702
882	0.05967811
883	0.1635296
884	0.1654704
885	0.1662009
886	0.05441332
887	0.0036028320000000003
888	0.0016387320000000002
889	0.001391295
890	0.0013730429999999998
891	0.001383858
892	0.001726521
893	0.0062221659999999995
894	0.004292573
895	0.0037858090000000002
896	0.003839042
897	0.004675147
898	0.00435282
899	0.003860182
900	0.003078762
901	0.0029752959999999997
902	0.00774124
903	0.02319409
904	0.03076984
905	0.01753333
906	0.002890452
907	0.0028399159999999996
908	0.0029836040000000004
909	0.0035108759999999996
910	0.004173512
911	0.004833453
912	0.005694070999999999
913	0.007476716
914	0.009425097
915	0.01151892
916	0.01296159
917	0.01475
918	0.003177445
919	0.0002010755
920	0.0001058808
921	2.8032859999999994e-05
922	1.557192e-05
923	0.0007130203999999999
924	0.0007103319
925	0.0007105378999999999
926	0.000710421
927	0.0007103149000000001
928	5.8353269999999995e-06
929	1.911315e-06
930	1.23221e-06
931	1.184655e-06
932	1.213004e-06
933	3.043952e-06
934	0.00018606970000000002
935	0.01013996
936	0.03604095
937	0.06034766
938	0.07070415
939	0.06879311
940	0.06859757
941	0.06908175
942	0.07200252
943	0.06599855
944	0.06715944
945	0.06959659
946	0.08982308
947	0.167627
948	0.008117196
949	0.001495639
950	0.0003295861
951	0.00032209729999999997
952	0.00032456119999999997
953	0.0003258268
954	0.00032889519999999996
955	0.0003380579
956	0.0003244882
957	0.00033186550000000004
958	0.0003557464
959	0.00043671760000000003
960	0.00044315260000000003
961	0.0004533557
962	0.0013267029999999998
963	0.0163606
964	0.33000209999999996
965	0.8462485999999999
966	0.8449635
967	0.8431994
968	0.8325405999999999
969	0.8253912
970	0.8184429
971	0.7950333
972	0.7923298000000001
973	0.7817469
974	0.8394324000000001
975	0.8371360999999999
976	0.8287253000000001
977	0.1551534
978	0.1424661
979	0.1438916
980	0.1470914
981	0.1566338
982	0.0330208
983	0.03328631
984	0.03358318
985	0.03438706
986	0.03509229
987	0.03485987
988	0.03565534
989	0.01683895
990	0.01651745
991	0.01657055
992	0.01205207
993	0.009719044
994	0.0216409
995	0.01227474
996	0.009890000999999999
997	0.006314165
998	0.005524826
999	0.005597491
1000	0.0031007990000000004
1001	0.002908253
1002	0.002620639
1003	0.00259663
1004	0.0022390129999999998
1005	0.002068674
1006	0.0019151779999999998
1007	0.001607694
1008	0.0018283770000000002
1009	0.002193701
1010	0.064583
1011	0.05871535
1012	0.05114424
1013	0.04612917
1014	0.07447573
1015	0.07447341
1016	0.09800409
1017	0.04706759
1018	0.07025802
1019	0.08535761
1020	0.008696331
1021	0.0047326009999999995
1022	0.0321105
1023	0.03114159
1024	0.02914924
1025	5.80226e-05
1026	1.514251e-05
1027	7.873997000000001e-06
1028	4.622951e-06
1029	4.5744170000000005e-06
1030	4.316583e-06
1031	4.2231610000000005e-06
1032	4.070528e-06
1033	4.094593e-06
1034	1.924606e-05
1035	9.03769e-05
1036	0.0002079105
1037	0.0002137122
1038	0.00045481
1039	0.002242261
1040	0.001743406
1041	0.002653442
1042	0.01329346
1043	0.012991299999999999
1044	0.0134112
1045	0.01453515
1046	0.008420440999999999
1047	0.004910015
1048	0.005658263
1049	0.0146155
1050	0.01209303
1051	0.01015599
1052	0.009760148
1053	0.007827449
1054	0.006420604
1055	0.005930048
1056	0.01167226
1057	0.01108813
1058	0.01192145
1059	0.0035635209999999996
1060	0.002935693
1061	0.005252171
1062	0.01768057
1063	0.01916217
1064	0.004160268
1065	0.001061335
1066	0.0007236394
1067	0.0004231072
1068	0.0004822765
1069	0.0002186854
1070	9.918953000000001e-05
1071	0.0001083537
1072	0.0004101454
1073	0.0006696809
1074	0.0007661764
1075	0.0008090354
1076	0.0008338667999999999
1077	0.0009530608
1078	0.0009733194
1079	0.0006729443
1080	0.006325039
1081	0.00658541
1082	0.006749562
1083	0.008057746
1084	0.01167048
1085	0.02728286
1086	0.03245593
1087	0.0396027
1088	0.03845287
1089	0.009112162
1090	0.0053374519999999995
1091	0.003171898
1092	0.001037518
1093	0.001175492
1094	0.001597906
1095	0.007123341
1096	0.001861066
1097	0.0017592060000000001
1098	0.001385867
1099	0.002070514
1100	0.004141629
1101	0.00381667
1102	5.8103990000000004e-05
1103	3.934683e-05
1104	3.438664e-05
1105	9.212618e-05
1106	0.0003002825
1107	0.000292925
1108	0.0002844546
1109	0.0002785946
1110	0.00028129779999999996
1111	0.0002844656
1112	0.0002823087
1113	0.0002880739
1114	0.0003502009
1115	0.0006633778999999999
1116	0.002221112
1117	0.0028618309999999996
1118	0.004220972
1119	0.04893352
1120	0.04699447
1121	0.04843792
1122	0.061843600000000006
1123	0.01190001
1124	0.02711856
1125	0.02203727
1126	0.01848125
1127	0.01142985
1128	0.01058113
1129	0.008398448000000001
1130	0.005437536999999999
1131	0.003134548
1132	0.0006621656
1133	0.0002439436
1134	5.616188e-05
1135	7.294481e-05
1136	7.375833e-05
1137	1.6955179999999998e-06
1138	1.674079e-06
1139	1.3615530000000002e-06
1140	1.077836e-06
1141	7.329376e-06
1142	5.899171e-06
1143	4.2059910000000004e-06
1144	2.4063e-06
1145	2.0050579999999998e-06
1146	8.974651e-07
1147	2.981574e-07
1148	1.6549770000000001e-07
1149	1.048579e-06
1150	5.4023159999999995e-06
1151	3.15621e-05
1152	4.7865159999999994e-05
1153	2.0832070000000005e-05
1154	6.347306e-05
1155	0.0001177909
1156	0.00019265369999999998
1157	0.0007070886
1158	0.0002190342
1159	0.0003023548
1160	0.000311144
1161	1.133911e-05
1162	1.196559e-05
1163	1.4007550000000001e-05
1164	1.5929960000000002e-05
1165	1.832557e-05
1166	4.685603e-05
1167	9.947063e-05
1168	0.0001257218
1169	0.0001364012
1170	0.0001627882
1171	4.028985e-05
1172	9.825342e-06
1173	1.834658e-05
1174	5.067904e-05
1175	0.000442246
1176	0.005441469
1177	0.002416502
1178	0.003005657
1179	0.003031537
1180	0.0029447440000000004
1181	0.002969324
1182	0.0027139990000000004
1183	0.002243101
1184	0.00195911
1185	0.001790831
1186	0.003386915
1187	0.00448454
1188	0.0025915070000000003
1189	0.002078164
1190	0.0021195429999999998
1191	0.002456307
1192	0.002959695
1193	2.8564009999999997e-05
1194	2.2231679999999998e-05
1195	3.514917e-05
1196	3.5789190000000006e-05
1197	4.3464690000000003e-05
1198	2.58061e-05
1199	3.0875850000000004e-05
1200	2.0092370000000002e-05
1201	2.118908e-05
1202	7.450621e-05
1203	6.369743e-05
1204	6.232068e-05
1205	4.0603320000000006e-05
1206	2.373094e-05
1207	2.6486620000000003e-05
1208	4.353622e-05
1209	1.853031e-05
1210	1.557818e-05
1211	1.2422219999999999e-05
1212	1.0105679999999999e-05
1213	9.798333e-06
1214	9.976532e-06
1215	9.240078e-06
1216	9.220819e-06
1217	4.511401e-07
1218	2.072663e-06
1219	2.102267e-06
1220	7.013309000000001e-06
1221	2.4461590000000002e-05
1222	0.0002979837
1223	0.003092493
1224	0.005862455
1225	0.01027897
1226	0.01522438
1227	0.02092667
1228	0.02485352
1229	0.03608447
1230	0.04901075
1231	0.03287895
1232	0.04321718
1233	0.05539468
1234	0.02886315
1235	0.01121235
1236	0.02550498
1237	0.1235141
1238	0.11734460000000001
1239	0.1083902
1240	0.0959248
1241	0.08208947
1242	0.06816171
1243	0.05437262
1244	0.03820213
1245	0.0253929
1246	0.01162996
1247	0.0034004729999999998
1248	0.0027234729999999997
1249	0.002051768
1250	0.002655897
1251	0.0028309790000000004
1252	0.00042016709999999997
1253	7.223194999999999e-05
1254	6.367831e-05
1255	0.0001568634
1256	0.001014142
1257	0.003893063
1258	0.0059119
1259	0.008156569
1260	0.01084645
1261	0.01162826
1262	0.01468728
1263	0.01411565
1264	0.01453964
1265	0.01555005
1266	0.01256173
1267	0.01359647
1268	0.004408077
1269	0.0037533490000000004
1270	0.002770883
1271	0.002984595
1272	0.004159015
1273	0.02445902
1274	0.02444846
1275	0.02627803
1276	0.02826299
1277	0.02851956
1278	0.0454476
1279	0.04882459
1280	0.05016151
1281	0.04852926
1282	0.02698914
1283	0.02450027
1284	0.03587
1285	0.007470629
1286	0.001079846
1287	0.0002515855
1288	0.0001883116
1289	6.612890000000001e-05
1290	1.2806769999999999e-05
1291	1.4770229999999998e-05
1292	1.5199660000000002e-05
1293	1.122156e-05
1294	1.199036e-05
1295	5.8659550000000005e-06
1296	6.456249e-06
1297	0.0001185335
1298	0.0001198833
1299	8.435778e-05
1300	3.6756359999999996e-05
1301	0.0003473542
1302	0.0002743754
1303	0.00032884339999999997
1304	0.02133565
1305	0.02116551
1306	0.03305485
1307	0.03158501
1308	0.02711769
1309	0.02514039
1310	0.03576724
1311	0.04943984
1312	0.04780329
1313	0.04458638
1314	0.03858765
1315	0.03664228
1316	0.03704083
1317	0.03393092
1318	0.02646631
1319	0.02125528
1320	0.01519682
1321	0.013793999999999999
1322	0.012200299999999999
1323	0.01035881
1324	0.00857447
1325	0.01150389
1326	0.01002327
1327	0.01092309
1328	0.01004436
1329	0.01308173
1330	0.01289828
1331	0.01556647
1332	0.02326832
1333	0.09600419
1334	0.09557230000000001
1335	0.03011794
1336	0.0281462
1337	0.02570598
1338	0.02833838
1339	0.02720148
1340	0.02633889
1341	0.02240209
1342	0.01424996
1343	0.003285814
1344	0.009285113000000001
1345	0.009957947
1346	0.01045687
1347	0.0038841590000000003
1348	0.004667478
1349	0.004441334
1350	0.004260152
1351	0.004076426
1352	0.0039529529999999995
1353	0.0043308290000000004
1354	0.007241605999999999
1355	0.0063159819999999995
1356	0.006758376
1357	0.4109306
1358	0.4112419
