end	14
1	0.9951038000000001
2	0.9917665999999999
3	0.05131614
4	0.04563728
5	0.04550738
6	0.03592872
7	0.035229
8	0.03512486
9	0.01331554
10	0.01102688
11	0.01101815
12	0.011014
13	0.01097419
14	0.01080543
15	0.010839399999999999
16	0.0108465
17	0.05237958
18	0.08537345
19	0.01014726
20	0.0001140683
21	9.569946e-05
22	2.532475e-05
23	0.0005053295
24	0.0004448968
25	0.000407659
26	0.0003812636
27	0.00035866610000000003
28	0.0004401656
29	0.0006724448
30	0.00040917220000000003
31	0.0002655761
32	5.188392e-06
33	8.213929e-06
34	8.924649e-05
35	0.000109485
36	0.0001339397
37	0.00015625979999999998
38	8.785478999999999e-05
39	6.392603e-05
40	6.552197999999999e-06
41	7.295691000000001e-06
42	7.123173e-06
43	8.033473999999999e-06
44	6.341614000000001e-07
45	2.3384299999999999e-07
46	2.681261e-07
47	6.828851e-07
48	1.205262e-08
49	3.5638500000000003e-09
50	1.102211e-09
51	1.169313e-09
52	1.7870379999999996e-09
53	1.3564790000000002e-09
54	1.5217990000000002e-09
55	1.866185e-09
56	2.738629e-09
57	7.3645e-09
58	1.081498e-06
59	1.18696e-06
60	2.093526e-06
61	1.965899e-08
62	4.65073e-07
63	2.300238e-06
64	6.604491e-05
65	1.002912e-05
66	9.493295e-06
67	1.988674e-05
68	3.38866e-05
69	7.5569e-05
70	1.583915e-06
71	9.970255000000001e-07
72	6.478956999999999e-07
73	5.953977e-07
74	8.686021999999999e-08
75	2.366024e-09
76	6.323934e-09
77	1.754771e-10
78	2.704313e-09
79	1.614133e-08
80	2.985629e-08
81	3.389161e-08
82	9.393924e-08
83	1.0746510000000001e-07
84	9.947118e-08
85	1.6873720000000002e-07
86	2.844509e-07
87	8.465854000000001e-07
88	5.780241e-07
89	5.166164000000001e-05
90	5.0405020000000004e-05
91	0.0004253486
92	0.001107029
93	0.0011943680000000001
94	0.001008996
95	0.0017415739999999999
96	0.002463196
97	0.0007262088
98	0.001143216
99	0.001630289
100	0.00201584
101	0.00262859
102	0.003758363
103	0.004507729
104	0.0038979859999999996
105	0.004794486
106	0.0008535693
107	1.696761e-05
108	1.0136069999999999e-05
109	2.67837e-06
110	1.56062e-05
111	2.9023450000000003e-06
112	6.540852999999999e-06
113	5.511278e-06
114	1.018931e-05
115	2.4445460000000002e-05
116	2.123438e-05
117	1.327375e-05
118	4.598663e-06
119	1.54071e-06
120	1.8216859999999999e-06
121	2.040018e-06
122	3.019611e-06
123	3.0981560000000003e-06
124	3.546365e-06
125	6.609206000000001e-06
126	1.3369979999999998e-05
127	1.095366e-05
128	9.525758e-06
129	1.278996e-05
130	1.118211e-05
131	6.275404999999999e-05
132	0.000132696
133	0.0002935397
134	0.000394892
135	0.000435094
136	0.0007112988
137	0.0007808178999999999
138	0.0006943467
139	0.0005458008999999999
140	3.523607e-05
141	7.331533000000001e-05
142	8.523839e-05
143	7.117389e-05
144	7.407459e-05
145	0.0001853696
146	0.001178837
147	0.001608976
148	0.001190401
149	0.001212229
150	0.0027480020000000003
151	0.000488629
152	0.000212371
153	0.0002319799
154	0.0003293596
155	0.0036615809999999997
156	0.01392685
157	0.008525996999999999
158	0.00333288
159	0.0006767471
160	0.00059246
161	0.000443582
162	0.0003758274
163	0.0003393482
164	0.0003639303
165	8.723754999999999e-05
166	0.0001923093
167	0.0003762998
168	0.0002210362
169	0.00023738630000000001
170	0.0002703228
171	0.0005944017
172	0.0007187338
173	0.0007933674
174	0.0009819403
175	0.0009763297
176	0.0009435534
177	0.0006867078
178	0.0005705756999999999
179	0.0006052572000000001
180	0.002158967
181	0.002934436
182	4.926365e-05
183	2.454389e-05
184	3.188282e-05
185	3.137999e-05
186	1.3100009999999999e-05
187	1.1877169999999998e-05
188	1.0585139999999999e-05
189	6.765558e-06
190	1.107142e-05
191	1.3967240000000001e-06
192	2.3353639999999998e-07
193	5.330719000000001e-07
194	1.7337459999999998e-06
195	3.4889270000000005e-07
196	5.882270999999999e-06
197	6.515713e-06
198	6.635786e-06
199	5.254904e-06
200	7.038796e-07
201	6.391484000000001e-07
202	4.97194e-08
203	4.072788e-08
204	4.296355999999999e-08
205	1.865378e-07
206	4.617601e-06
207	5.754393e-06
208	4.020436000000001e-06
209	3.76831e-05
210	5.5761669999999996e-05
211	5.9193909999999997e-05
212	0.0001362694
213	4.111885e-05
214	0.0001023724
215	0.00013725450000000002
216	0.0001587874
217	0.0002311363
218	0.0006973101
219	0.0008218212
220	0.0007830411999999999
221	9.047121e-05
222	7.298699000000001e-05
223	0.00012483860000000001
224	2.291424e-05
225	4.0165780000000005e-06
226	5.664434999999999e-06
227	1.960059e-05
228	8.165365e-06
229	3.1834140000000003e-06
230	1.996589e-06
231	1.383708e-06
232	5.825466e-07
233	1.853706e-07
234	1.980811e-06
235	1.882266e-07
236	3.588094e-07
237	1.5355410000000002e-07
238	6.005535e-07
239	1.971607e-05
240	3.0273540000000004e-05
241	3.199082e-05
242	3.988338e-05
243	3.544224e-05
244	1.691859e-05
245	9.535635e-06
246	2.006163e-06
247	6.5147850000000005e-06
248	1.998552e-06
249	8.536244999999999e-07
250	4.855733e-06
251	4.675565000000001e-06
252	1.582727e-07
253	5.272059e-06
254	3.9475929999999997e-07
255	1.101322e-06
256	2.48479e-05
257	2.485493e-05
258	2.5232440000000002e-05
259	1.82306e-06
260	5.663438e-05
261	3.01292e-05
262	0.00022297529999999998
263	8.016391e-06
264	1.650372e-05
265	1.678645e-05
266	9.196891e-05
267	8.643385e-05
268	0.0002205858
269	0.0003759253
270	0.0005425440000000001
271	0.0007161389
272	0.0009718206
273	0.001082425
274	0.001108325
275	0.001017351
276	0.0001383373
277	0.00017291669999999998
278	0.0001812929
279	3.988041e-05
280	2.5570149999999998e-05
281	3.286434e-05
282	2.93909e-05
283	2.479005e-05
284	2.082167e-05
285	1.5755009999999998e-05
286	9.705169e-06
287	6.570565e-06
288	4.290767e-06
289	1.758527e-06
290	1.2133700000000001e-06
291	1.399805e-06
292	2.6445920000000003e-06
293	8.957334999999999e-05
294	9.433488999999999e-05
295	9.577277e-05
296	8.957850000000001e-05
297	3.311459e-05
298	3.490777e-05
299	4.3999140000000006e-05
300	1.4585050000000002e-05
301	2.2648339999999997e-05
302	2.1808939999999997e-05
303	4.3990690000000005e-05
304	0.0001384077
305	0.00017559169999999997
306	2.702114e-05
307	3.792761e-05
308	4.149609e-05
309	0.0001764038
310	0.0003732196
311	0.001834774
312	0.002677674
313	0.002868846
314	0.002869129
315	0.0029956009999999996
316	0.01168196
317	0.0907952
318	0.0018183989999999998
319	0.00041446129999999997
320	0.00022637099999999998
321	0.0001731273
322	0.0001628729
323	0.00030732830000000004
324	0.000153817
325	4.9717429999999995e-05
326	2.1167129999999998e-05
327	1.448629e-05
328	8.084122999999999e-06
329	4.856262e-06
330	2.085008e-06
331	7.318208e-07
332	1.568593e-07
333	4.483934e-07
334	8.489138e-07
335	2.4677199999999998e-05
336	6.284753e-05
337	6.871132e-05
338	0.0002457596
339	0.0004581033
340	5.73879e-06
341	4.688517e-05
342	0.002551837
343	0.002522911
344	3.484799e-05
345	3.7388869999999997e-06
346	5.888413000000001e-07
347	3.810622e-06
348	3.630927e-06
349	3.200396e-06
350	2.9235860000000003e-06
351	5.457618000000001e-07
352	4.348585e-07
353	3.563694e-07
354	5.019752e-06
355	1.337469e-05
356	2.349024e-05
357	0.0001297718
358	0.00045895
359	0.0008222205
360	0.0014033820000000001
361	0.00022593279999999998
362	0.00031579380000000003
363	0.000281041
364	3.913845e-05
365	9.516218e-06
366	9.269124e-06
367	4.1079539999999995e-06
368	0.0002596034
369	0.0001857263
370	4.287582e-05
371	9.884904e-06
372	1.6139349999999998e-06
373	8.263172000000001e-07
374	2.376265e-06
375	2.11611e-06
376	2.079529e-06
377	5.427981e-07
378	5.667755e-07
379	1.7659299999999999e-06
380	3.4213850000000003e-07
381	6.12613e-07
382	2.2994120000000002e-05
383	3.608599e-07
384	5.726713e-07
385	2.866615e-07
386	5.429529000000001e-07
387	1.2166540000000001e-06
388	4.1423469999999995e-06
389	6.383492e-06
390	1.071276e-06
391	1.429974e-07
392	1.5812749999999998e-07
393	1.2225289999999998e-07
394	1.571095e-07
395	2.094227e-07
396	8.899773000000001e-07
397	1.0888610000000002e-05
398	3.2484299999999997e-05
399	7.8601e-05
400	0.0001481398
401	0.00044899370000000004
402	0.0005720782
403	0.00107236
404	0.02294856
405	0.07263027
406	0.07405788
407	0.08798018
408	0.1015148
409	0.1522525
410	0.1461107
411	0.17292939999999998
412	0.1723537
413	0.10762139999999999
414	0.09657683
415	0.07587769
416	0.06353553
417	0.04401911
418	0.0405844
419	0.03787918
420	0.006208521
421	0.003732417
422	0.0026199820000000003
423	0.001041306
424	0.00042819730000000005
425	0.00012603860000000002
426	6.916111999999999e-05
427	6.264998e-05
428	1.135858e-05
429	5.611773e-06
430	1.787252e-06
431	3.638006e-06
432	8.774682e-07
433	1.014315e-06
434	2.90436e-06
435	6.622384e-06
436	8.096191e-06
437	1.497904e-05
438	2.037294e-05
439	1.221795e-05
440	1.4317379999999998e-05
441	4.300055e-06
442	2.827048e-06
443	4.62775e-06
444	1.073662e-05
445	1.918572e-05
446	7.056579e-05
447	7.895958e-06
448	1.173193e-06
449	6.904675e-07
450	4.158052e-07
451	1.0729249999999999e-05
452	5.151816999999999e-06
453	1.7898189999999999e-06
454	4.094121e-07
455	3.5964290000000003e-08
456	2.192389e-07
457	6.267155e-08
458	1.405621e-07
459	6.974311e-08
460	4.9713650000000005e-08
461	3.163854e-08
462	5.190008e-07
463	5.278219e-07
464	1.025068e-06
465	2.982527e-06
466	2.601714e-07
467	6.447718e-06
468	3.161819e-05
469	5.0104239999999997e-05
470	1.0171499999999999e-05
471	4.836923e-06
472	2.136881e-06
473	2.6085809999999996e-06
474	3.065028e-06
475	3.037757e-06
476	1.924985e-06
477	2.7290249999999997e-06
478	1.25651e-06
479	2.1017779999999998e-06
480	2.017566e-05
481	4.685759e-05
482	0.0001157858
483	0.0008291578999999999
484	0.0011648469999999999
485	0.005004827
486	0.008955205
487	0.009880338
488	0.02363136
489	0.02470309
490	0.01879559
491	0.01890505
492	0.01730989
493	0.02982386
494	0.03116162
495	0.02808071
496	0.009032394000000001
497	0.007989027
498	0.003574955
499	0.001209532
500	0.0009351084
501	0.0008304444
502	0.0001449383
503	7.683297e-05
504	6.803297e-05
505	4.1326480000000003e-05
506	4.906657e-05
507	1.2490430000000002e-06
508	3.362387e-08
509	2.202109e-08
510	3.305103e-08
511	4.670686e-08
512	3.449169000000001e-07
513	8.053152e-07
514	1.177257e-06
515	1.3053409999999999e-06
516	2.065106e-06
517	6.754886e-06
518	7.417932e-06
519	1.165133e-05
520	1.759904e-05
521	0.0002335186
522	0.0115594
523	0.009418804
524	0.009833854
525	0.004641826
526	0.002179548
527	0.0014316770000000001
528	0.002083497
529	0.002595081
530	0.003483307
531	0.003469958
532	0.003611521
533	0.003309225
534	0.0020108829999999998
535	0.001729914
536	0.0016082820000000002
537	0.0002360121
538	0.0002218331
539	0.0002773239
540	0.0001477209
541	9.135714e-05
542	9.443656999999999e-05
543	9.833074e-05
544	6.643057e-05
545	9.828007999999999e-05
546	0.0001302404
547	0.00016663740000000003
548	0.00022144540000000002
549	0.0003136004
550	0.0008914158000000001
551	0.0004401257
552	0.0005806639
553	0.001084957
554	0.0006853741
555	0.0005013129
556	0.0002887491
557	0.0003256782
558	0.0006233432
559	0.0005055705000000001
560	0.00046733150000000004
561	0.00042379239999999996
562	0.00037860330000000003
563	0.00047369230000000005
564	0.00025001529999999996
565	0.0002192152
566	0.0001788073
567	0.0001734463
568	0.0002356196
569	0.0004025319
570	0.003413775
571	0.005749567
572	0.005714189000000001
573	0.01378377
574	0.0114685
575	0.01215169
576	0.01440562
577	0.07015104
578	0.09644157
579	0.10630539999999998
580	0.1268661
581	0.11704589999999998
582	0.12147960000000001
583	0.12884020000000002
584	0.1370784
585	0.1440565
586	0.06883438
587	0.1637816
588	0.03659959
589	0.03155887
590	0.0319024
591	0.03110218
592	0.03018909
593	0.02951196
594	0.02640439
595	0.02372026
596	0.02561276
597	0.02607648
598	0.02599312
599	0.003578682
600	0.002042186
601	0.0017015589999999998
602	0.001478659
603	0.0041764820000000005
604	0.003127935
605	0.003004836
606	0.0022550179999999997
607	0.001502678
608	0.001169218
609	0.0016201879999999998
610	0.001250245
611	0.0009968361000000001
612	0.0006393687
613	0.0005715121
614	0.0006829146000000001
615	0.0008680669
616	0.001475837
617	0.00232997
618	0.00439922
619	0.005409292
620	0.0021614060000000003
621	0.002407609
622	0.008295453000000001
623	0.01422113
624	0.008860348
625	0.007260393
626	0.01466052
627	0.04586556
628	0.03639861
629	0.02855773
630	0.01810775
631	0.01234052
632	0.007155872
633	0.007341798
634	0.01547722
635	0.02545112
636	0.03618531
637	0.04631197
638	0.02470937
639	0.01608708
640	0.01883694
641	0.0009767958
642	0.0008091613000000001
643	0.0008702775
644	0.0004729062
645	0.0005231797
646	0.00124626
647	0.05678239
648	0.04317244
649	0.03001822
650	0.01530508
651	0.0026612640000000004
652	0.0009820732
653	0.0001557877
654	5.4517700000000005e-06
655	9.653393e-06
656	0.0003114296
657	0.00016574169999999998
658	0.00018083759999999998
659	1.966052e-05
660	4.083631e-06
661	5.292755e-06
662	1.325661e-06
663	1.921728e-06
664	2.260368e-06
665	3.622392e-06
666	4.5663310000000004e-06
667	4.832843e-06
668	3.7427270000000005e-05
669	0.00011227530000000001
670	4.31608e-06
671	3.751007e-06
672	3.7215660000000004e-06
673	4.423786e-06
674	1.085508e-05
675	4.1595569999999997e-05
676	8.201446e-05
677	0.00303319
678	0.003022661
679	0.003410494
680	0.003291193
681	0.003412804
682	0.002027706
683	0.004000866
684	0.02320321
685	0.06782897
686	0.07649835
687	0.08964738
688	0.10549489999999999
689	0.0316067
690	0.01705273
691	0.01423209
692	0.0127961
693	0.002198499
694	0.0002676978
695	0.0001812841
696	0.00027536490000000004
697	0.001003897
698	0.002835996
699	0.00423492
700	0.002151127
701	0.001203267
702	0.001516631
703	1.799556e-05
704	0.000137574
705	0.00037174269999999996
706	8.840356e-05
707	0.0001652654
708	0.0004725771
709	0.0021102539999999998
710	0.002058109
711	0.001555543
712	0.0007789975
713	0.0006060468
714	5.034147e-05
715	0.000162118
716	0.0001373962
717	9.732914000000001e-05
718	7.095331999999999e-05
719	5.66304e-05
720	4.878683e-05
721	6.413533e-05
722	8.690941999999999e-05
723	0.00011166959999999999
724	0.00013773409999999999
725	0.0001652337
726	0.0002669648
727	0.0003856242
728	0.006719003
729	0.0005453392
730	0.0002484848
731	0.00018367290000000002
732	5.3358940000000004e-05
733	3.8441640000000004e-05
734	0.0001331971
735	1.23151e-05
736	1.202665e-06
737	8.177324e-07
738	5.472446e-07
739	7.108218000000001e-07
740	1.97822e-06
741	1.5767519999999998e-06
742	1.017565e-05
743	1.438442e-05
744	2.277545e-06
745	1.6316589999999998e-05
746	4.986417e-05
747	8.023271e-05
748	0.0001265866
749	0.0005541039
750	0.004466331
751	0.00160729
752	0.001588279
753	0.0019077039999999999
754	0.001067685
755	0.0006212972
756	0.0003399036
757	0.0006327504
758	0.0001336552
759	0.00010486379999999999
760	0.00015806620000000001
761	0.000148753
762	0.0002721089
763	0.01858304
764	0.01131965
765	0.0067185859999999995
766	0.00491057
767	0.003044119
768	0.0012059360000000001
769	7.870388e-05
770	0.00017472900000000001
771	0.001882727
772	0.004427495
773	0.008393171
774	0.01107221
775	0.01375416
776	0.02355679
777	0.03225972
778	0.04198333
779	0.05174299
780	0.02198538
781	0.02756195
782	0.02356591
783	0.01971276
784	0.0223708
785	0.05463148
786	0.05534754
787	0.05994146
788	0.09699196
789	0.10277160000000002
790	0.05010169
791	0.05500232
792	0.04963488
793	0.004135912
794	0.0017084510000000002
795	0.0013255539999999998
796	0.001275173
797	0.006119518000000001
798	0.000696945
799	0.000432029
800	0.00153976
801	0.005358524
802	0.001781636
803	0.00040042089999999995
804	0.0001962057
805	0.00012075959999999999
806	9.055959999999999e-05
807	8.620316999999999e-05
808	4.517037e-05
809	1.6026379999999998e-05
810	8.977386e-06
811	3.0244209999999997e-06
812	2.056969e-06
813	5.914554000000001e-06
814	1.6999129999999997e-05
815	3.197368e-05
816	5.5733649999999995e-05
817	7.589273e-05
818	9.631321e-05
819	0.0001168354
820	0.0001350897
821	0.0002173735
822	0.0001736205
823	8.885945e-05
824	6.363097e-05
825	6.0391850000000004e-05
826	6.197224e-05
827	7.073283e-05
828	7.034229999999999e-05
829	2.696208e-05
830	5.7710240000000005e-05
831	0.0001190905
832	0.0001277677
833	0.0002934816
834	0.0001033449
835	1.285272e-05
836	2.1560520000000003e-05
837	1.2784289999999998e-05
838	7.063463e-05
839	3.893323e-05
840	8.614072e-06
841	7.813807e-06
842	6.610979e-06
843	3.74408e-06
844	3.768563e-06
845	7.140291e-06
846	7.556233999999999e-06
847	6.342781999999999e-05
848	6.566659999999999e-05
849	0.0001016025
850	0.0001306631
851	0.0002177393
852	0.0002499594
853	0.0001526066
854	0.008366761
855	0.0035111929999999997
856	0.0012472660000000001
857	0.0001398911
858	0.0001507824
859	0.0002679629
860	0.0002962636
861	0.00041511839999999994
862	0.0007381969
863	0.0029790759999999998
864	0.008397660999999999
865	0.006859987
866	0.007972964
867	0.006760451
868	0.003757688
869	0.003901257
870	0.0034612140000000002
871	0.008308119000000001
872	0.01124862
873	0.01247984
874	0.01340541
875	0.01811696
876	0.023434299999999998
877	0.01262363
878	0.01066397
879	0.009922685
880	0.008504405999999999
881	0.009680219
882	0.01223081
883	0.0022901329999999998
884	0.002731157
885	0.00120772
886	0.0023028289999999997
887	0.0018022029999999998
888	0.001031695
889	0.001299348
890	0.002181799
891	0.002433764
892	0.0015740910000000001
893	0.0015437029999999998
894	0.0014215739999999999
895	0.001356724
896	0.001587235
897	0.001404447
898	0.0005370659
899	0.0002672283
900	0.000321903
901	0.00046316879999999997
902	0.0003035764
903	0.0003442568
904	0.0003622727
905	0.0003849071
906	0.0007378313000000001
907	6.749781000000001e-06
908	2.8347969999999997e-06
909	4.025689e-06
910	4.412849e-06
911	5.596496e-06
912	4.593703e-06
913	1.2274020000000001e-05
914	1.4036229999999998e-05
915	0.0001413144
916	0.0001758738
917	0.01004946
918	0.008070272
919	0.007611799
920	0.01387348
921	0.00919238
922	0.005539636999999999
923	0.002666888
924	0.0001046551
925	0.00012107610000000001
926	0.0003403061
927	0.0006648049
928	0.001031028
929	0.0008526575999999999
930	0.0008143227
931	0.0009757708999999999
932	0.0004147525
933	3.740721e-05
934	4.333893e-06
935	5.15678e-06
936	6.448393999999999e-06
937	9.620147e-06
938	1.787375e-05
939	2.7385640000000004e-05
940	3.63882e-05
941	7.120941999999999e-05
942	0.0009954132
943	0.0007559237
944	0.0006859004
945	0.0007067778
946	0.0007018103999999999
947	0.001773738
948	0.0155629
949	0.0009309176
950	0.0013272660000000001
951	0.0008175221
952	0.0003859435
953	0.0003695981
954	0.0001799674
955	0.0001681803
956	0.00216602
957	0.0001505396
958	3.823927e-05
959	2.8146590000000002e-05
960	3.0361599999999997e-05
961	3.990032e-05
962	3.5091609999999995e-05
963	0.00010105280000000001
964	0.00186583
965	0.0041514559999999995
966	0.0223196
967	0.02417963
968	0.02631536
969	0.03079444
970	0.03279715
971	0.04422134
972	0.06990184
973	0.1036888
974	0.1618859
975	0.1728225
976	0.18651289999999998
977	0.2041284
978	0.2865205
979	0.43023140000000004
980	0.8945169
981	0.9242324000000001
982	0.9360656999999999
983	0.9388755999999999
984	0.9302367
985	0.9257608
986	0.7918550999999999
987	0.7553091
988	0.5590689
989	0.451273
990	0.4291747
991	0.4222593
992	0.41579040000000006
993	0.41126890000000005
994	0.4027706
995	0.3936092
996	0.3667796
997	0.29102340000000004
998	0.2806375
999	0.27202459999999995
1000	0.2660027
1001	0.26447309999999996
1002	0.1316943
1003	0.10906689999999998
1004	0.1075355
1005	0.1919037
1006	0.1825435
1007	0.1719027
1008	0.1530453
1009	0.1423264
1010	0.0416671
1011	0.01817467
1012	0.008786513000000001
1013	0.0009119092
1014	6.398856e-05
1015	6.399824e-07
1016	2.7271859999999997e-07
1017	3.238767e-07
1018	3.7276309999999993e-07
1019	5.154304e-07
1020	5.324110000000001e-07
1021	2.226605e-07
1022	3.848983e-07
1023	4.277773e-07
1024	5.277865999999999e-07
1025	5.2816e-07
1026	4.023907e-07
1027	6.468720999999999e-07
1028	4.1547650000000005e-05
1029	0.0017718970000000001
1030	0.0046270420000000005
1031	0.004625949
1032	0.001108992
1033	0.0005765141999999999
1034	0.0002092177
1035	0.0001977805
1036	0.0001998692
1037	0.0003308428
1038	0.0003055358
1039	0.0002893373
1040	0.0003317201
1041	0.0003772625
1042	0.0005062414
1043	0.00034536839999999995
1044	0.0001956102
1045	4.021789e-05
1046	2.2690170000000003e-05
1047	0.0001047844
1048	0.00017885560000000002
1049	0.0002051251
1050	0.0002159253
1051	0.00034689629999999996
1052	0.00034358519999999994
1053	0.0006427939
1054	0.001053592
1055	0.002170604
1056	0.0007512924
1057	0.0006205517
1058	0.0008038792
1059	0.0007561019999999999
1060	0.0020435320000000002
1061	0.001133336
1062	0.0005811896
1063	0.000475564
1064	0.00037316339999999995
1065	0.0002179282
1066	0.00021240189999999998
1067	0.00017615439999999998
1068	8.594497999999999e-05
1069	7.549522e-05
1070	0.0004241707
1071	0.0014747
1072	0.002404678
1073	0.0023982310000000002
1074	0.0012561710000000002
1075	0.000776752
1076	0.004602242
1077	0.006464006
1078	0.005313553
1079	0.004172256
1080	0.0030874059999999996
1081	0.002412393
1082	0.0014243329999999998
1083	0.04205048
1084	0.04414159
1085	0.04244828
1086	0.04156081
1087	0.04219442
1088	0.0022533
1089	0.005487434
1090	0.005810648000000001
1091	0.0075905569999999995
1092	0.009293259
1093	0.01121831
1094	0.01318625
1095	0.01118343
1096	0.004808522
1097	0.006865633
1098	0.002565447
1099	0.003051687
1100	0.003815813
1101	0.004867224
1102	0.001757853
1103	0.001212593
1104	0.0004628018
1105	5.769891e-05
1106	8.191939e-05
1107	0.00851331
1108	0.008516185
1109	0.008474355
1110	0.009911125
1111	0.01843263
1112	0.01248298
1113	0.00042612629999999997
1114	0.0002716513
1115	0.00024198119999999999
1116	0.00018058919999999998
1117	0.0001512387
1118	0.0001233276
1119	0.0001945932
1120	0.0003108488
1121	0.005456707
1122	0.006048058
1123	0.0068479890000000005
1124	0.001165207
1125	0.0026469609999999998
1126	0.004036952
1127	0.005334261
1128	0.006811203
1129	0.008179576
1130	0.01013757
1131	0.01331236
1132	0.01620611
1133	0.02591283
1134	0.02828655
1135	0.03083521
1136	0.02886784
1137	0.01124717
1138	0.01374796
1139	0.01094177
1140	0.02250139
1141	0.24298960000000003
1142	0.26606149999999995
1143	0.09329563
1144	0.017093
1145	0.0023955779999999998
1146	0.0003644664
1147	0.0003161865
1148	0.0004634089
1149	0.00034488300000000004
1150	0.0001577794
1151	0.00010072
1152	8.010934e-05
1153	6.027076999999999e-05
1154	4.830366e-05
1155	3.875345e-05
1156	3.519409e-05
1157	2.9440009999999997e-05
1158	2.483471e-05
1159	9.742226000000001e-05
1160	0.01964944
1161	0.0105238
1162	0.0007400543
1163	0.0004098247
1164	0.0001717026
1165	2.006309e-05
1166	0.00012127
1167	0.0014611429999999998
1168	0.00016865279999999999
1169	0.00023308229999999998
1170	2.028384e-05
1171	1.2084439999999999e-06
1172	3.6333040000000003e-07
1173	3.006466e-07
1174	3.4274859999999997e-07
1175	4.149266e-07
1176	1.608201e-06
1177	9.514814e-06
1178	2.027377e-06
1179	1.2516280000000001e-06
1180	2.752927e-06
1181	5.703311e-06
1182	0.0001254951
1183	7.754363e-05
1184	3.002452e-05
1185	6.552518e-05
1186	0.0004400659
1187	0.00011577620000000001
1188	4.049698e-06
1189	2.475628e-06
1190	2.483056e-06
1191	2.519667e-06
1192	5.459651e-07
1193	4.801274e-07
1194	4.125645e-07
1195	2.160325e-07
1196	1.8388939999999998e-07
1197	1.43121e-07
1198	2.464936e-07
1199	1.2969160000000002e-05
1200	0.0001558925
1201	0.0001263395
1202	0.00030549529999999997
1203	0.004839726
1204	0.005708881
1205	0.0001725357
1206	0.0002036429
1207	0.0003058176
1208	0.0003205573
1209	0.0001400467
1210	0.00017181279999999998
1211	0.001076278
1212	0.002233475
1213	0.002145595
1214	0.00375464
1215	0.003076037
1216	0.0036741079999999997
1217	0.004439868
1218	0.0028573220000000002
1219	0.004316670999999999
1220	0.001199307
1221	0.0008808453
1222	0.0009043494000000001
1223	0.001069531
1224	0.005823483000000001
1225	0.005902165
1226	0.0044698970000000005
1227	0.0036056390000000003
1228	0.001981641
1229	0.002136831
1230	0.002374498
1231	0.003190016
1232	0.002718273
1233	0.00495416
1234	0.01059535
1235	0.01328782
1236	0.01825887
1237	0.01983626
1238	0.02001976
1239	0.01541501
1240	0.01545023
1241	0.01745506
1242	0.03506411
1243	0.04342436
1244	0.09204959
1245	0.1727425
1246	0.1464435
1247	0.10878110000000002
1248	0.09894413
1249	0.1013937
1250	0.08685268
1251	0.07108689
1252	0.03729008
1253	0.01991256
1254	0.01050078
1255	0.003564987
1256	0.001977784
1257	0.001625631
1258	0.001262477
1259	0.001127222
1260	0.0007380210000000001
1261	0.000597887
1262	0.0003914446
1263	0.0004461803
1264	0.00050407
1265	0.0005741216
1266	0.0006806363000000001
1267	0.0004762649
1268	0.0008348058
1269	0.003294247
1270	0.0028658359999999996
1271	0.001521846
1272	0.0009967624000000001
1273	0.0005712177
1274	0.0006312637
1275	0.0006512605
1276	0.0003044786
1277	0.0001006759
1278	7.808721000000001e-06
1279	4.499843e-06
1280	3.546705e-06
1281	1.498055e-06
1282	2.10511e-06
1283	7.807094000000001e-07
1284	5.408753000000001e-07
1285	2.358915e-07
1286	5.293806e-07
1287	4.283307e-08
1288	8.133125999999999e-08
1289	6.305485e-08
1290	1.869398e-07
1291	3.4726849999999997e-07
1292	1.757294e-06
1293	0.0001327351
1294	0.0001212133
1295	0.00010601270000000001
1296	7.013244e-05
1297	1.7395870000000002e-05
1298	1.25481e-06
1299	2.842384e-06
1300	3.0845250000000004e-05
1301	3.085188e-05
1302	3.118264e-05
1303	7.082285999999999e-07
1304	3.620682e-07
1305	4.1251110000000005e-08
1306	6.381998999999999e-09
1307	6.426283000000001e-09
1308	5.586795999999999e-09
1309	7.034226e-09
1310	8.480368e-09
1311	3.6454230000000004e-08
1312	6.158337e-07
1313	4.182943e-06
1314	0.0001084259
1315	0.00016787490000000002
1316	0.0001581574
1317	0.000229128
1318	0.001852817
1319	0.004871519
1320	0.00926215
1321	0.01088406
1322	0.01206271
1323	0.01235704
1324	0.01465562
1325	0.02001188
1326	0.02209292
1327	0.04194003
1328	0.04434669
1329	0.046187099999999995
1330	0.04129105
1331	0.05308474
1332	0.0615788
1333	0.09344725
1334	0.10863699999999998
1335	0.1165613
1336	0.04321855
1337	0.09863384
1338	0.09512683
1339	0.09357104
1340	0.07788312
1341	0.09980405
1342	0.09213577
1343	0.06936481
1344	0.05801558
1345	0.04178155
1346	0.02779368
1347	0.01173077
1348	0.005067042
1349	0.001886325
1350	0.00144112
1351	0.0007541815
1352	0.0007138491
1353	0.0003295964
1354	0.00035810489999999997
1355	0.00041992010000000004
1356	0.000448266
1357	0.0003043848
1358	0.0002897176
1359	0.00028728419999999997
1360	0.00035962470000000003
1361	0.000423209
1362	0.00111196
1363	0.0026214479999999997
1364	0.007627069
1365	0.01066374
1366	0.01338253
1367	0.1291967
1368	0.13287279999999999
1369	0.125568
1370	0.08649005
1371	0.02977945
1372	0.02209275
1373	0.02706419
1374	0.02662607
1375	0.0237933
1376	0.02396864
1377	0.000589105
1378	0.0001514865
1379	9.245907e-05
1380	7.167332e-05
1381	5.810254e-05
1382	2.427257e-05
1383	2.322302e-06
1384	1.8417330000000002e-06
1385	1.747736e-06
1386	3.904531e-06
1387	3.378889e-06
1388	3.046755e-06
1389	3.3994470000000003e-06
1390	2.6629129999999997e-06
1391	1.011532e-05
1392	8.951515e-05
1393	0.0003050561
1394	0.0003589674
1395	0.0005332573000000001
1396	0.001839145
1397	0.0036658359999999996
1398	0.005756956
1399	0.00717212
1400	0.008339876
1401	0.009642763
1402	0.01144618
1403	0.006024614
1404	0.006215949
1405	6.529937e-05
1406	4.297692e-05
1407	0.0006285482
1408	0.0006236122
1409	0.0006548583999999999
1410	0.0007298992
1411	0.0013977820000000002
1412	0.02358113
1413	0.02327767
1414	0.02302456
1415	0.02219944
1416	0.02145981
1417	0.01624832
1418	0.03331434
1419	0.03249669
1420	0.007308202
1421	0.00808436
1422	0.01226802
1423	0.01724972
1424	0.02722576
1425	0.041762400000000005
1426	0.02179784
1427	0.0233912
1428	0.02569202
1429	0.0150584
1430	0.0033273609999999996
1431	0.0009523028999999999
1432	0.0009626866999999999
1433	0.001023255
1434	0.001083442
1435	0.00118009
1436	0.0007130028
1437	0.0007811139
1438	0.000849232
1439	5.650961999999999e-06
1440	3.7027229999999997e-06
1441	2.63449e-06
1442	2.535895e-06
1443	3.2942800000000007e-06
1444	4.0773270000000004e-06
1445	2.023122e-06
1446	1.346313e-06
1447	7.399351e-06
1448	3.657425e-05
1449	6.734389e-05
1450	0.0027987520000000003
1451	0.002350205
1452	0.0030707140000000004
1453	0.01751384
1454	0.015108000000000002
1455	0.01615264
1456	0.01234819
1457	0.008363513000000001
1458	0.007507564
1459	0.003916467
1460	0.003912237
1461	0.007654225
1462	0.01118321
1463	0.008433511
1464	0.007375501
1465	0.0066866880000000005
1466	0.005174185
1467	0.001018011
1468	0.0008025975
1469	0.0008569858
1470	0.0004717147
1471	0.0005265332
1472	0.0007458511
1473	0.00133026
1474	0.002507542
1475	0.002586892
1476	0.0026820520000000003
1477	0.002235666
1478	0.001253507
1479	0.001629936
1480	0.00214189
1481	0.0037319370000000003
1482	0.004707606
1483	0.00468695
1484	0.005610576
1485	0.006091452
1486	0.04681259
1487	0.04338356
1488	0.03841212
1489	0.03678471
1490	0.024098599999999998
1491	0.018041400000000003
1492	0.01204968
1493	0.01036097
1494	0.01098412
1495	0.01685109
1496	0.01904076
1497	0.02194065
1498	0.02542328
1499	0.03044514
1500	0.04289747
1501	0.04597972
1502	0.05884468
1503	0.06361538
1504	0.06752472
1505	0.06426156
1506	0.04464354
1507	0.04752858
1508	0.03623465
1509	0.02858336
1510	0.03127535
1511	0.02197708
1512	0.02228187
1513	0.01724782
1514	0.01449649
1515	0.01465167
1516	0.01373131
1517	0.01564577
1518	0.01535873
1519	0.00818009
1520	0.007518149
1521	0.007110331
1522	0.007039953000000001
1523	0.007281185999999999
1524	0.006420858000000001
1525	0.00423366
1526	0.0015256529999999999
1527	0.008002216
1528	0.009984133000000001
1529	0.01030544
1530	0.004289396
1531	0.003696103
1532	0.0008751184
1533	0.0008149122000000001
1534	0.0010784030000000001
1535	0.01012857
1536	0.02131247
1537	0.03053489
1538	0.03945734
1539	0.04950337
1540	0.06002098
1541	0.07198354
1542	0.01277093
1543	0.000630253
1544	0.0004838028
1545	0.00013184790000000002
1546	9.932841000000001e-05
1547	0.0001228386
1548	0.001632204
1549	0.001037118
1550	0.0012697469999999999
1551	0.0008411738999999999
1552	0.0007000305
1553	0.0006193183999999999
1554	0.0003274708
1555	0.0002045746
1556	0.000182535
1557	0.00016687330000000002
1558	0.0001145083
1559	8.938643e-05
1560	0.0001142535
1561	0.0001624127
1562	0.000231909
1563	0.0005423678
1564	0.0008863460000000001
1565	0.001267691
1566	0.001621795
1567	0.001969595
1568	0.008024401
1569	0.01756391
1570	0.02733673
1571	0.035198900000000005
1572	0.13799979999999998
1573	0.1358606
1574	0.0008479275
1575	5.1217979999999995e-05
1576	4.359273e-05
1577	0.004669683
1578	0.01941548
1579	0.009097481
1580	0.005774455
1581	0.002834408
1582	0.0012015139999999999
1583	0.0008447121000000001
1584	0.0005133995
1585	0.00019820970000000002
1586	4.31719e-05
1587	1.763854e-05
1588	3.1597000000000004e-06
1589	2.853422e-06
1590	1.3923239999999999e-05
1591	1.0421189999999999e-05
1592	8.225578000000001e-06
1593	9.166096e-06
1594	4.2781869999999996e-05
1595	8.801681000000001e-05
1596	8.949255000000001e-06
1597	7.037802e-06
1598	8.550797999999999e-06
1599	5.4238780000000005e-05
1600	0.00032131529999999996
1601	0.0007100260000000001
1602	0.002102813
1603	0.003625065
1604	0.00035714949999999997
1605	0.00025721509999999996
1606	0.0002792448
1607	0.0005559143
1608	0.0005953004
1609	0.000701296
1610	0.0008255128
1611	0.0007237273
1612	0.0008401252
1613	0.001096963
1614	0.001280326
1615	0.001626037
1616	0.002736477
1617	0.003873759
1618	0.009214679
1619	0.01883416
1620	0.08888892
1621	0.20891469999999998
1622	0.24072449999999998
1623	0.2473299
1624	0.248598
1625	0.2548948
1626	0.3738518
1627	0.3684906
1628	0.191822
1629	0.1053282
1630	0.08217884
1631	0.07430203
1632	0.03406995
1633	0.02381495
1634	0.01751142
1635	0.01077499
1636	0.005134103
1637	0.0003609242
1638	5.765640999999999e-05
1639	5.215474e-05
1640	1.872504e-05
1641	1.318953e-05
1642	8.29184e-06
1643	6.032516000000001e-06
1644	3.826829e-07
1645	2.971366e-07
1646	4.661368e-07
1647	1.050202e-06
1648	7.270758999999999e-07
1649	7.774491000000001e-07
1650	6.484640000000001e-06
1651	1.150728e-06
1652	2.0247579999999998e-06
1653	2.810666e-06
1654	1.890643e-06
1655	3.441615e-06
1656	4.560396e-06
1657	4.5672859999999995e-06
1658	4.387302e-06
1659	1.3068109999999998e-06
1660	6.838454e-07
1661	8.346893e-07
1662	1.092402e-06
1663	2.122339e-06
1664	3.3302440000000004e-05
1665	9.366859e-05
1666	0.0001027906
1667	0.0001140953
1668	0.0001477826
1669	0.0001799236
1670	0.000229281
1671	0.0004652875
1672	0.001642619
1673	0.01037003
1674	0.0057063769999999995
1675	0.009414811
1676	0.009808312
1677	0.01009293
1678	0.009705854
1679	0.04959584
1680	0.0504342
1681	0.05581971
1682	0.06927192
1683	0.01467641
1684	0.01617627
1685	0.01822933
1686	0.04435263
1687	0.05472251
1688	0.1721657
1689	0.24935059999999998
1690	0.2393472
1691	0.2596056
1692	0.2673368
1693	0.27167020000000003
1694	0.27996040000000005
1695	0.2883575
1696	0.43388760000000004
1697	0.4300445
1698	0.4186559
1699	0.4719064
1700	0.3665105
1701	0.4098777
1702	0.1601507
1703	0.1578396
1704	0.15326270000000003
1705	0.1170191
1706	0.10760810000000001
1707	0.10083160000000001
1708	0.09501569
1709	0.00298863
1710	0.002011701
1711	0.001203752
1712	0.0006976088
1713	0.0003358132
1714	0.00018725869999999998
1715	0.0001329453
1716	5.5961409999999997e-05
1717	4.364681e-05
1718	3.4642159999999996e-05
1719	2.3961399999999997e-05
1720	1.5825329999999998e-05
1721	7.400051999999999e-06
1722	2.417153e-05
1723	0.00021235200000000002
1724	1.866158e-05
1725	1.886251e-05
1726	1.940323e-05
1727	0.0001676406
1728	0.0001003209
1729	8.610924999999999e-05
1730	0.0001453746
1731	0.0004469449
1732	0.0005441335
1733	0.00070466
1734	8.958533000000001e-05
1735	8.422971999999999e-05
1736	0.0001884328
1737	6.0837840000000005e-05
1738	3.728734e-05
1739	4.1378299999999996e-05
1740	5.872161e-05
1741	0.0005599232
1742	0.0005485715
1743	2.219163e-05
1744	1.433626e-05
1745	8.728189e-06
1746	5.420683000000001e-07
1747	4.816997e-08
1748	8.384963000000001e-08
1749	2.754516e-07
1750	4.491519999999999e-08
1751	5.064389e-07
1752	1.8037599999999997e-06
1753	5.004718e-06
1754	5.354239e-06
1755	6.4818430000000005e-06
1756	6.595184e-06
1757	1.500976e-05
1758	1.349006e-05
1759	2.486796e-06
1760	2.066723e-06
1761	3.494518e-05
1762	3.501072e-05
1763	3.106143e-05
1764	2.64871e-05
1765	3.527008e-05
1766	0.003620295
1767	0.005439047
1768	0.003846156
1769	0.002184876
1770	0.000521791
1771	0.00015505479999999998
1772	1.696542e-05
1773	0.0004398378
1774	0.0004844139
1775	0.000485536
1776	0.0004764375
1777	4.154062e-05
1778	7.462405e-06
1779	0.00036509849999999996
1780	0.0003730215
1781	0.0007296307000000001
1782	0.0003851307
1783	0.0002020977
1784	9.26799e-05
1785	0.000116183
1786	0.0001582187
1787	0.0001576504
1788	0.0001494112
1789	0.0001028408
1790	0.0001283927
1791	0.0001899913
1792	0.0015505229999999998
1793	0.0008588328
1794	0.00036915580000000003
1795	0.0003619678
1796	0.000433614
1797	0.0006220867
1798	0.0009813855
1799	0.001788449
1800	0.00209429
1801	0.002432351
1802	0.001201485
1803	0.001210773
1804	0.00110472
1805	0.001217385
1806	0.001283464
1807	0.0053323419999999995
1808	0.01050985
1809	0.01757381
1810	0.12118630000000001
1811	0.1167597
1812	0.0352031
1813	0.03472133
1814	0.02356234
1815	0.01762395
1816	0.008563164
1817	0.002895477
1818	0.0006039438
1819	0.00040256129999999995
1820	0.00015113450000000001
1821	9.109883e-05
1822	9.928074000000001e-05
1823	0.0001141516
1824	0.0001549722
1825	0.0001606373
1826	0.001137606
1827	0.01337784
1828	0.04492768
1829	0.04324432
1830	0.04500155
1831	0.0499199
1832	0.05556554
1833	0.05283619
1834	0.05526722
1835	0.1012286
1836	0.09975552
1837	0.10287650000000001
1838	0.117256
1839	0.11859059999999999
1840	0.1113299
1841	0.10381220000000001
1842	0.08801567
1843	0.09585361
1844	0.2499154
1845	0.24476660000000003
1846	0.236756
1847	0.16318770000000002
1848	0.14778670000000002
1849	0.1391785
1850	0.1201038
1851	0.1129292
1852	0.08833660000000002
1853	0.08004916
1854	0.06865446
1855	0.11109200000000001
1856	0.1197076
1857	0.1174577
1858	0.1080394
1859	0.09093798
1860	0.03953255
1861	0.04392041
1862	0.04543077
1863	0.04643925
1864	0.04902808
1865	0.05704730000000001
1866	0.06544743
1867	0.07334138
1868	0.08379656
1869	0.01938888
1870	0.01787551
1871	0.01181179
1872	0.01107653
1873	0.01123112
1874	0.01703151
1875	0.01330624
1876	0.01137516
1877	0.009284573
1878	0.003105443
1879	0.0023053410000000002
1880	0.001403435
1881	0.0011908539999999999
1882	0.00114649
1883	0.001320006
1884	0.0029686179999999997
1885	0.00298863
1886	0.005703419
1887	0.01196894
1888	0.01018447
1889	0.01582653
1890	0.2185966
1891	0.01459449
1892	0.01046201
1893	0.01486423
1894	0.008793979
1895	0.01241554
1896	0.01646654
1897	0.01397456
1898	0.01560999
1899	0.01547793
1900	0.01601446
1901	0.02219977
1902	0.02990094
1903	0.04074686
1904	0.05159877
1905	0.06300637
1906	0.07423597
1907	0.09596253
1908	0.006319449
1909	0.00922037
1910	0.01003327
1911	0.04847431
1912	0.02103017
1913	0.01879941
1914	0.01853831
1915	0.01712777
1916	0.01340279
1917	0.01117643
1918	0.01072511
1919	0.00658413
1920	0.0044941420000000004
1921	0.004057396
1922	0.003348795
1923	0.0033287029999999997
1924	0.0034251940000000003
1925	0.00221439
1926	0.0121669
1927	0.01141365
1928	0.0102824
1929	0.00845303
1930	0.009279705
1931	0.006990194
1932	0.0052883059999999996
1933	0.003561587
1934	0.003930859
1935	0.000625672
1936	2.0106960000000003e-05
1937	8.635165e-06
1938	6.537911000000001e-06
1939	4.7439809999999995e-07
1940	1.345138e-06
1941	2.8248850000000003e-05
1942	1.10354e-05
1943	2.00373e-05
1944	6.062304e-05
1945	0.0001128747
1946	0.000163591
1947	0.0002242318
1948	0.00028148919999999996
1949	0.00138195
1950	0.0027289140000000003
1951	0.007940064
1952	0.0076187569999999994
1953	0.01123237
1954	0.002317234
1955	0.002622802
1956	0.0032719309999999996
1957	0.004855328
1958	0.001876589
1959	0.0015525720000000001
1960	0.001529814
1961	0.01991025
1962	0.01675146
1963	0.01480757
1964	0.01778807
1965	0.01836713
1966	0.01796211
1967	0.0163627
1968	0.01975694
1969	0.03135598
1970	0.002208706
1971	0.0006068351
1972	3.39716e-05
1973	1.646966e-06
1974	3.414132e-06
1975	2.075855e-06
1976	7.610115999999999e-07
1977	4.387072e-07
1978	1.367054e-07
1979	4.6693530000000003e-08
1980	4.362165e-08
1981	4.029932e-08
1982	1.888471e-08
1983	1.867664e-08
1984	8.852147e-08
1985	7.752295e-06
1986	0.001140375
1987	0.009718702
1988	0.006333423
1989	0.001267231
1990	0.00012051959999999999
1991	0.00011236790000000001
1992	0.0001849765
1993	0.01083418
1994	0.008600404
1995	0.00708165
1996	0.00611366
1997	0.01866962
1998	0.017381599999999997
1999	0.0113163
2000	0.01282954
2001	0.01108067
2002	0.00780097
2003	0.003261221
2004	0.002512452
2005	0.0022728970000000003
2006	0.002040126
2007	0.001915816
2008	0.001840165
2009	0.00158099
2010	0.003249002
2011	0.002822115
2012	0.001523231
2013	0.0003797918
2014	0.00030531169999999997
2015	0.00027007189999999996
2016	0.0006243732
2017	0.0006777328
2018	0.0007731732000000001
2019	0.0003374135
2020	0.00032799379999999995
2021	0.0003487285
2022	0.000408586
2023	0.0004931969
2024	0.0006861828
2025	0.0007114657000000001
2026	0.0007139755
2027	0.0029076370000000002
2028	0.002132064
2029	0.0031248440000000003
2030	0.004367094
2031	0.005053934
2032	0.002710626
2033	0.0029158079999999998
2034	0.003015794
2035	0.003281362
2036	0.0035972440000000003
2037	0.003954979
2038	0.005923235
2039	0.01708754
2040	0.06645952
2041	0.05233744
2042	0.02528489
2043	0.01015152
2044	0.004228274000000001
2045	0.00018569310000000002
2046	9.578187e-05
2047	5.618486e-05
2048	6.006041999999999e-05
2049	6.248316e-05
2050	6.735519000000001e-05
2051	7.405668e-05
2052	7.959875e-05
2053	8.570110999999999e-05
2054	9.186889000000002e-05
2055	0.0001015551
2056	0.0002596502
2057	0.007977286
2058	0.02155473
2059	0.05640284
2060	0.08591878
2061	0.1927344
2062	0.20400739999999998
2063	0.3144458
2064	0.32240100000000005
2065	0.4658749
2066	0.46254470000000003
2067	0.6355929
2068	0.680045
2069	0.7215786999999999
2070	0.733949
2071	0.7694869000000001
2072	0.7775411999999999
2073	0.8027999
2074	0.8005868
2075	0.8127833000000001
2076	0.7945791
2077	0.7943425999999999
2078	0.5808124
2079	0.5725231
2080	0.39203740000000004
2081	0.3710942
2082	0.33075809999999994
2083	0.3218756
2084	0.3094699
2085	0.2898799
2086	0.23873000000000003
2087	0.1835797
2088	0.17007070000000002
2089	0.1195184
2090	0.07932813
2091	0.06467826
2092	0.05654162
2093	0.0504586
2094	0.04409779
2095	0.03393521
2096	0.02943605
2097	0.02417441
2098	0.02022303
2099	0.01589236
2100	0.01321951
2101	0.01167169
2102	0.009370558000000001
2103	0.008839744
2104	0.006281941
2105	0.004106925
2106	0.003641437
2107	0.002733577
2108	0.00234789
2109	0.0021311529999999998
2110	0.00205561
2111	0.002777
2112	0.003455413
2113	0.004698208
2114	0.005459456
2115	0.0062653859999999995
2116	0.0071540219999999995
2117	0.008195841
2118	0.002343306
2119	0.004518717
2120	0.007619939
2121	0.01006653
2122	0.0118495
2123	0.01937389
2124	0.02554913
2125	0.027043900000000003
2126	0.03255003
2127	0.02861059
2128	0.03438338
2129	0.04586972
2130	0.08059322
2131	0.08887622
2132	0.0930812
2133	0.09946887
2134	0.1178815
2135	0.1763732
2136	0.1836857
2137	0.19306270000000003
2138	0.20650929999999998
2139	0.21609740000000002
2140	0.22820429999999997
2141	0.6318484000000001
2142	0.6303105
2143	0.6439984000000001
2144	0.6319123999999999
2145	0.6180661
2146	0.6120285
2147	0.6046954999999999
2148	0.6204354999999999
2149	0.6106842
2150	0.5531898000000001
2151	0.3564134
2152	0.3764618
2153	0.3576176
2154	0.3754357
2155	0.5190697
2156	0.5227463999999999
2157	0.4870865
2158	0.48654430000000004
2159	0.3714755
2160	0.322631
2161	0.2645325
2162	0.2213462
2163	0.2147738
2164	0.04822818
2165	0.01424284
2166	0.0050361270000000005
2167	0.0008900252000000001
2168	0.0012681069999999999
2169	0.001297555
2170	0.0009516191
2171	8.882923e-05
2172	5.267166e-05
2173	2.8831859999999998e-05
2174	1.968769e-05
2175	1.869641e-07
2176	1.8248439999999998e-07
2177	3.065059e-07
2178	3.888667e-07
2179	3.663101e-06
2180	3.8863209999999995e-06
2181	5.019948e-06
2182	3.108032e-06
2183	2.5792270000000003e-06
2184	1.168485e-06
2185	8.729170000000001e-07
2186	7.672055e-07
2187	1.082697e-06
2188	6.59483e-06
2189	0.0009732627
2190	0.002878588
2191	0.002707903
2192	0.009155231
2193	0.00811401
2194	0.0099065
2195	0.005152239
2196	0.01029535
2197	0.008740686999999999
2198	0.0103161
2199	0.008319571
2200	0.004507352
2201	0.002574913
2202	0.0016984720000000001
2203	0.0006985062
2204	0.0005847555
2205	0.0003828983
2206	0.00014216969999999998
2207	4.415013e-05
2208	3.370078e-05
2209	2.6185929999999998e-05
2210	2.812425e-05
2211	0.0001387585
2212	0.0001340759
2213	0.0001776967
2214	0.00039932339999999996
2215	0.001279795
2216	0.001341068
2217	0.004397092
2218	0.0043683229999999995
2219	0.00443807
2220	0.005723369
2221	0.04237319
2222	0.07569237
2223	0.071338
2224	0.17414570000000001
2225	0.1680259
2226	0.16514500000000001
2227	0.16496770000000002
2228	0.15876010000000002
2229	0.1585476
2230	0.1558503
2231	0.141104
2232	0.1202089
2233	0.10434500000000001
2234	0.08670749
2235	0.07611269999999999
2236	0.06552565
2237	0.04768852
2238	0.04313922
2239	0.02884606
2240	0.01261651
2241	0.0008321617
2242	5.83849e-05
2243	1.5541759999999998e-06
2244	1.516239e-06
2245	1.4900620000000002e-06
2246	1.48263e-06
2247	1.743889e-06
2248	2.6243779999999996e-06
2249	2.442152e-06
2250	1.997805e-06
2251	1.8758349999999998e-06
2252	1.836128e-06
2253	1.9536259999999997e-06
2254	3.2551459999999995e-06
