end	14
1	0.9156542
2	0.9029326999999999
3	0.7749669
4	0.7690011999999999
5	0.00181543
6	0.00019708520000000002
7	0.0001784861
8	0.0001775928
9	0.00017467619999999998
10	0.0001737606
11	0.0001675632
12	0.0001629267
13	0.00016261959999999998
14	0.0001623428
15	1.002075e-05
16	1.4002680000000001e-06
17	1.427677e-06
18	1.243707e-06
19	9.376092999999999e-06
20	7.2048300000000004e-06
21	4.90517e-06
22	7.953256e-06
23	9.568397e-06
24	1.062075e-05
25	1.1696660000000002e-05
26	8.476491999999999e-06
27	1.042681e-05
28	1.2182349999999999e-05
29	3.103905e-07
30	4.706428e-06
31	5.53201e-06
32	2.983576e-06
33	2.8493249999999997e-05
34	0.0002856769
35	1.135177e-05
36	4.240514e-06
37	1.725053e-05
38	1.739433e-05
39	1.681029e-05
40	1.6470270000000002e-05
41	1.595391e-05
42	1.7935009999999999e-06
43	1.96838e-07
44	5.02938e-07
45	1.1575610000000001e-06
46	1.7043700000000002e-06
47	1.8387970000000003e-07
48	2.2667750000000003e-07
49	2.288034e-06
50	2.083119e-05
51	8.84979e-07
52	9.665667e-08
53	1.375207e-08
54	1.627697e-08
55	4.758854e-10
56	1.5565599999999998e-09
57	3.0137779999999997e-09
58	1.908829e-09
59	2.8712459999999995e-09
60	2.5018789999999997e-09
61	4.925087999999999e-09
62	5.758211e-09
63	1.0375829999999998e-08
64	3.236996e-08
65	2.2846450000000001e-07
66	2.004193e-06
67	3.553699e-05
68	5.9463690000000004e-05
69	0.00028083380000000003
70	0.01184344
71	0.01181583
72	0.01258329
73	0.0124869
74	0.001787623
75	0.0017224789999999999
76	0.00020051369999999998
77	0.0004214704
78	0.0004937094
79	0.0007648685000000001
80	0.0007138114999999999
81	0.0004015109
82	0.0004287308
83	0.0004665831
84	0.0002889096
85	0.0002913639
86	0.0002711242
87	2.972505e-05
88	1.850349e-05
89	2.401261e-05
90	0.0002010197
91	0.0004580193
92	0.0005305112000000001
93	0.0004328897
94	1.699993e-05
95	3.7625679999999994e-07
96	4.0682590000000005e-07
97	3.3844770000000004e-07
98	2.7414109999999996e-07
99	1.313032e-07
100	9.948012e-08
101	1.178548e-07
102	1.547849e-07
103	5.488587e-08
104	5.307478e-08
105	3.87702e-08
106	6.452596e-07
107	7.217083e-07
108	1.095609e-05
109	2.7295279999999998e-05
110	4.1932759999999997e-05
111	0.000183282
112	0.0002022163
113	0.0004088792
114	0.0008470019
115	0.002616183
116	0.009176057
117	0.03824551
118	0.04906743
119	0.05839426
120	0.05630482
121	0.02320207
122	0.03638576
123	0.0070743690000000005
124	0.0067496959999999995
125	0.01623728
126	0.00732822
127	0.005455954
128	0.005935782
129	0.004739954
130	0.0001271774
131	3.132788e-05
132	2.79594e-06
133	2.161345e-06
134	1.3531120000000001e-06
135	7.571673e-08
136	5.8863789999999996e-08
137	6.556869e-07
138	3.581642e-06
139	1.11619e-05
140	6.972615999999999e-07
141	5.448061e-07
142	5.986558e-07
143	8.008410999999999e-07
144	1.992087e-06
145	9.224008e-06
146	3.272561e-05
147	6.868555999999999e-06
148	1.694902e-05
149	0.00011540770000000001
150	0.002083207
151	0.0008368758999999999
152	0.001197598
153	0.001158838
154	0.001099436
155	0.001002284
156	0.001040194
157	0.001497987
158	0.0015565610000000001
159	0.0008217601
160	0.0009455199
161	0.006382657
162	0.001896376
163	0.00037820940000000004
164	0.00047223160000000003
165	0.0009729606
166	0.001528931
167	0.0076752109999999995
168	0.003123307
169	5.2240029999999997e-05
170	5.331251e-05
171	5.059628000000001e-06
172	2.208264e-06
173	2.339694e-06
174	2.467361e-06
175	2.368129e-06
176	9.995977e-08
177	1.042966e-06
178	6.545609e-07
179	9.62136e-07
180	7.8471e-07
181	6.146789e-07
182	2.139535e-07
183	2.350894e-08
184	2.1837420000000004e-09
185	5.325787e-08
186	3.833573e-06
187	3.0406040000000003e-06
188	1.70935e-06
189	1.361278e-06
190	9.735161e-07
191	6.1312e-07
192	5.714566e-07
193	1.455234e-07
194	9.162922999999999e-08
195	2.530847e-07
196	1.3518829999999999e-06
197	4.382891e-05
198	0.0001429435
199	0.002122278
200	0.00218179
201	0.0003897864
202	0.0007246484
203	0.0008365900999999999
204	0.0007360016
205	8.353152e-05
206	0.0003432664
207	0.0002568507
208	0.00038404220000000003
209	0.0002133074
210	7.003693e-05
211	6.686351e-05
212	6.253177e-05
213	2.678135e-05
214	2.060766e-05
215	8.327377e-06
216	4.215026e-06
217	1.338267e-06
218	1.367903e-06
219	4.682633e-06
220	3.033593e-06
221	2.285163e-06
222	5.329319e-07
223	3.9825410000000006e-08
224	6.368197e-08
225	3.508421e-08
226	2.03503e-08
227	1.035404e-07
228	2.2838539999999999e-07
229	3.717109e-07
230	1.854794e-07
231	3.090862e-07
232	8.860141999999999e-07
233	9.315094999999999e-07
234	4.7434670000000006e-07
235	1.5248099999999998e-06
236	5.612075999999999e-06
237	1.68696e-07
238	2.3117049999999999e-07
239	7.497819e-06
240	0.0001045549
241	0.00010520459999999999
242	0.0002747923
243	8.346773000000002e-05
244	7.625973000000001e-05
245	1.912475e-05
246	9.438595000000001e-06
247	2.648678e-06
248	1.124788e-06
249	5.813242e-07
250	1.549414e-05
251	1.509807e-05
252	1.5956229999999997e-05
253	1.666065e-05
254	1.656775e-05
255	1.4777929999999998e-05
256	3.470993e-07
257	2.531897e-07
258	3.4346159999999996e-07
259	5.441971e-07
260	1.634694e-05
261	6.698881999999999e-05
262	0.00018624189999999998
263	0.00023253709999999998
264	0.0002724162
265	0.001312091
266	0.0008530486999999999
267	0.0006030934
268	0.0006706157000000001
269	0.0008155311
270	0.001281632
271	0.00220169
272	0.00540566
273	0.001031576
274	2.647111e-05
275	2.415606e-05
276	2.174491e-05
277	1.865181e-05
278	0.00015870860000000001
279	0.0001600545
280	1.149578e-05
281	2.3450229999999997e-05
282	1.807646e-05
283	1.784594e-05
284	3.379732e-06
285	5.064913e-07
286	2.8386090000000004e-07
287	7.792125999999999e-06
288	7.342466000000001e-07
289	3.397352e-07
290	5.382299e-05
291	4.534143e-05
292	4.8147950000000004e-05
293	4.048127e-05
294	3.6309699999999996e-05
295	1.82767e-05
296	1.896303e-05
297	1.459275e-05
298	1.102012e-05
299	6.360537000000001e-06
300	2.784407e-06
301	5.80761e-07
302	1.681983e-06
303	3.5636360000000002e-06
304	5.8370010000000004e-06
305	1.7196e-05
306	3.893906e-05
307	8.392433000000001e-05
308	0.03862416
309	0.03887583
310	0.03877416
311	0.03864785
312	7.906356e-05
313	0.0001104192
314	0.0002175417
315	0.006212853000000001
316	0.0066989530000000005
317	0.006319776
318	0.02103957
319	0.0660162
320	0.07411702
321	0.0296632
322	0.003844337
323	0.001676585
324	0.001444846
325	0.0013905229999999998
326	0.0006536828
327	0.0003435757
328	0.0001460249
329	0.0001324015
330	0.0001686352
331	0.0001793779
332	0.0004163098
333	0.0006583067
334	0.0001701907
335	0.0002723571
336	0.0002676816
337	4.125205e-05
338	1.981719e-05
339	3.141543e-05
340	9.680762e-06
341	6.824657e-06
342	1.2857069999999999e-05
343	2.9821209999999996e-05
344	3.690299e-05
345	1.171768e-05
346	4.22291e-06
347	4.488716e-06
348	3.644189e-06
349	3.4735379999999996e-06
350	3.4462490000000003e-05
351	5.915912e-06
352	1.343536e-05
353	9.186858e-06
354	1.0245e-05
355	4.925183e-05
356	6.170244e-06
357	1.6709099999999998e-06
358	1.282641e-06
359	1.822277e-05
360	9.739735999999999e-05
361	4.317069e-05
362	5.636182e-05
363	3.992714e-05
364	3.722592e-05
365	4.1225190000000006e-05
366	2.7131659999999997e-05
367	5.518565e-05
368	3.544545e-05
369	4.046325999999999e-05
370	0.0003336807
371	0.0004124129
372	0.0007408052
373	0.0007172801
374	0.0007890439
375	0.0011864310000000002
376	0.002309071
377	0.00164666
378	0.0009426646000000001
379	0.0001283452
380	2.6939440000000004e-05
381	1.93516e-05
382	3.0863629999999996e-05
383	3.0106570000000002e-05
384	2.321961e-05
385	1.623235e-05
386	7.319882e-06
387	5.055869e-06
388	3.275057e-06
389	1.9259450000000002e-06
390	5.40504e-06
391	1.995846e-06
392	9.730075999999999e-07
393	1.5642750000000002e-05
394	6.027441999999999e-05
395	0.001120875
396	0.0007633023
397	5.59512e-05
398	1.664648e-05
399	5.746366e-05
400	1.981341e-05
401	1.025282e-05
402	4.3094199999999995e-06
403	7.990640000000001e-07
404	1.388291e-07
405	1.546958e-08
406	1.243427e-08
407	1.2093160000000001e-08
408	6.731361e-09
409	7.2431210000000004e-09
410	2.179087e-08
411	9.228861999999999e-07
412	3.256398e-06
413	6.828386000000001e-06
414	9.672599000000001e-05
415	0.0002324779
416	0.0001635828
417	0.0001550917
418	0.0001535995
419	0.0009181189
420	0.00043056160000000003
421	0.0004621236
422	0.003636199
423	0.00140386
424	0.0003500123
425	0.0010388910000000001
426	0.0002058056
427	0.0001102849
428	7.540475000000001e-05
429	6.736919e-05
430	0.00010757010000000001
431	0.00010234549999999999
432	0.00010415649999999999
433	0.00010081610000000001
434	0.0008934475
435	2.031281e-05
436	1.0421019999999999e-05
437	1.5225e-05
438	0.0001277529
439	0.0003041427
440	0.000541237
441	0.0003775443
442	0.0001622553
443	0.0001011956
444	2.476572e-05
445	5.329523e-06
446	7.250862e-07
447	1.167865e-06
448	1.5106360000000001e-07
449	1.7778510000000002e-07
450	4.40046e-07
451	1.080082e-06
452	4.266971e-06
453	4.886388e-06
454	0.0001092422
455	0.001061492
456	0.0006719889
457	0.0002568537
458	3.3848379999999995e-06
459	4.368002e-07
460	6.220346e-07
461	1.00785e-06
462	6.250614e-08
463	2.520611e-07
464	3.7997800000000004e-05
465	2.7424149999999996e-06
466	3.38225e-07
467	8.657375e-06
468	6.878431000000001e-06
469	5.308980000000001e-06
470	3.775e-06
471	2.478498e-06
472	1.357799e-06
473	8.62496e-07
474	8.158225999999999e-07
475	3.504024e-06
476	1.165472e-06
477	1.125669e-06
478	6.341803e-07
479	1.122927e-06
480	8.479835e-06
481	5.772375e-06
482	8.452878e-05
483	0.0001949745
484	1.694787e-05
485	1.202724e-05
486	3.8816500000000004e-05
487	0.00010159549999999999
488	0.0001362363
489	0.0001225511
490	2.8852990000000006e-05
491	5.8146530000000005e-05
492	0.0001266257
493	0.00018640560000000002
494	0.0001741219
495	0.00022667180000000001
496	0.0003671465
497	0.0003624971
498	0.001015179
499	0.002593896
500	0.0001040349
501	6.364473000000001e-05
502	9.908370000000001e-05
503	0.00010691430000000001
504	7.24046e-05
505	0.0001561972
506	0.004055375999999999
507	0.02289556
508	0.05530733
509	0.04940128
510	0.03896887
511	0.02916273
512	0.02045831
513	0.01455364
514	0.01224537
515	0.004945958
516	0.0008257128
517	0.0005770939
518	0.0007970413000000001
519	0.0008396514999999999
520	0.0008268917999999999
521	0.0007040913
522	0.0008894103
523	0.0007430139
524	0.0003979636
525	0.0004045613
526	0.0003674141
527	0.00038204160000000005
528	0.0001129359
529	8.612031999999999e-05
530	8.091357e-05
531	0.00017136240000000002
532	0.0002823314
533	0.000400805
534	0.0002029986
535	0.0002338082
536	0.0002884826
537	0.00037402629999999995
538	0.00290538
539	0.006121708000000001
540	0.003871474
541	0.002136812
542	0.003233593
543	0.002241071
544	0.0052723119999999995
545	0.00606298
546	0.007493136
547	0.0043932979999999995
548	0.003542504
549	0.004524342
550	0.00485402
551	0.004365692
552	0.0036511959999999998
553	0.003771069
554	0.0037553490000000003
555	0.003499693
556	0.003342077
557	0.001101334
558	0.0004552612
559	0.00033584099999999997
560	0.00011311309999999999
561	0.0006744528
562	0.0005787712999999999
563	0.0003202261
564	0.0001388166
565	0.00011413559999999999
566	0.00015629459999999998
567	0.0008613989999999999
568	0.0077213559999999995
569	0.002120061
570	0.00044279050000000004
571	0.000246747
572	0.001208334
573	0.001204859
574	0.00136598
575	0.001075868
576	0.0008016255
577	0.0006130902
578	0.0006435284
579	0.002292904
580	0.00010520399999999999
581	3.414582e-05
582	1.2305419999999999e-05
583	1.5299020000000002e-05
584	0.0001535206
585	0.0003661036
586	0.000551869
587	0.0004210879
588	0.00028578669999999997
589	0.00019417810000000002
590	0.00019396900000000003
591	0.0002033127
592	0.00022270310000000002
593	0.0002719494
594	0.0007316264999999999
595	0.004311341
596	0.01683405
597	0.02493298
598	0.02942221
599	0.03879546
600	0.04199946
601	0.05491397
602	0.006052811
603	0.08634325
604	0.07753739
605	0.08413201
606	0.08510924
607	0.06477852
608	0.06604322
609	0.07333491
610	0.07358815
611	0.07513877
612	0.07738243
613	0.07809834
614	0.07643235
615	0.07402964
616	0.07785229
617	0.1125424
618	0.140655
619	0.105707
620	0.1036816
621	0.5305283000000001
622	0.5642510000000001
623	0.5931238
624	0.08467648
625	0.02624761
626	0.02008669
627	0.01511023
628	0.009391645
629	0.007820459
630	0.006671733000000001
631	0.00670251
632	0.005515661
633	0.0011155310000000001
634	0.001337673
635	0.0017232329999999998
636	0.002192024
637	0.00275091
638	0.00386196
639	0.001820255
640	0.00385111
641	0.00439257
642	0.005037565999999999
643	0.01654667
644	0.0130111
645	0.006444395
646	0.005355237
647	0.009718015
648	0.01307068
649	0.01622617
650	0.01913579
651	0.01969105
652	0.02092402
653	0.01238528
654	0.008933741
655	0.01013982
656	0.0027707590000000002
657	0.0006664622999999999
658	0.0005946173000000001
659	0.001070231
660	0.001177478
661	0.000634773
662	0.0005676775
663	0.0002886246
664	0.0002711554
665	0.0002563579
666	0.000250372
667	0.000303421
668	0.0009439232000000001
669	0.0006433454000000001
670	0.0011698989999999999
671	0.0030583990000000003
672	0.0031696370000000003
673	0.003744736
674	0.001745449
675	0.001432876
676	0.001621821
677	0.001203362
678	0.001070053
679	0.0009313997
680	0.0018411979999999998
681	0.001764001
682	0.001582646
683	0.001711185
684	0.0003280179
685	0.0003252197
686	0.0002609929
687	0.00038813949999999997
688	0.000770898
689	0.0010067960000000001
690	0.01045315
691	0.04162592
692	0.03025934
693	0.02142773
694	0.02521316
695	0.0215781
696	0.02319538
697	0.02661464
698	0.0302267
699	0.03249754
700	0.03998589
701	0.06628469
702	0.07639781
703	0.09261105
704	0.09355526
705	0.09627722
706	0.05229684
707	0.01126086
708	0.004544653
709	0.003762465
710	0.00443415
711	0.0038983729999999997
712	0.003661665
713	0.00443323
714	0.004890064
715	0.004057604
716	0.004197853
717	0.002234085
718	0.0013151060000000001
719	0.0005573021
720	0.0001885836
721	0.0001815043
722	0.0013962520000000002
723	0.00352191
724	0.00399056
725	0.004680685
726	0.005437148
727	0.007613084
728	0.01363166
729	0.01617159
730	0.01887692
731	0.0072691000000000006
732	0.005107204000000001
733	0.004844796
734	0.0049694809999999996
735	0.007496805
736	0.0003108937
737	0.0002151426
738	0.0002100886
739	0.000139545
740	0.0001619172
741	0.0001803911
742	3.613028e-05
743	3.06032e-05
744	3.196304e-05
745	4.5857870000000005e-06
746	3.162264e-06
747	2.363037e-06
748	3.178215e-06
749	1.819129e-05
750	0.003926128
751	0.003467748
752	0.006767675999999999
753	0.0051381479999999995
754	0.002319446
755	0.00027247919999999996
756	1.536703e-05
757	1.467521e-05
758	0.0007534734
759	0.0007826710000000001
760	8.723295e-05
761	0.0001053884
762	3.369835e-05
763	4.4538190000000006e-05
764	7.166986999999999e-05
765	8.682136999999999e-05
766	0.0001108032
767	0.0003384179
768	0.00015309229999999998
769	0.0001564965
770	0.0004933955
771	0.0006376625
772	0.0008411055
773	0.001044384
774	9.144253e-06
775	6.0870709999999995e-06
776	4.1252079999999996e-05
777	4.8910600000000006e-05
778	0.0002117295
779	0.0005391759999999999
780	0.0005973854
781	0.0007553713
782	0.0008994669999999999
783	0.0006081945
784	0.0006519131
785	0.0005952066
786	0.0006177514
787	0.000502464
788	0.004475497
789	0.01395557
790	0.03761568
791	0.04609752
792	0.1524213
793	0.1469863
794	0.1088272
795	0.01057965
796	0.002608379
797	0.0002827541
798	0.0001254377
799	3.398764e-05
800	4.032185e-05
801	0.00200564
802	0.0019061389999999998
803	0.001861394
804	0.001813585
805	0.0017657729999999998
806	0.00012712040000000002
807	7.632974e-05
808	3.035665e-05
809	2.6439159999999996e-05
810	6.753573e-05
811	0.0032705940000000004
812	0.01785699
813	0.03586861
814	0.03939321
815	0.04579168
816	0.002193099
817	0.0006272523
818	0.0001820501
819	7.921173000000001e-05
820	8.381238000000002e-05
821	9.430155e-05
822	0.0001338311
823	0.0001987282
824	9.956315e-05
825	0.0001234909
826	0.0001529049
827	0.0001696382
828	0.0001411243
829	3.445654000000001e-05
830	2.979281e-05
831	1.771124e-05
832	1.3329339999999999e-05
833	4.252116e-06
834	1.1089749999999998e-05
835	2.7909090000000003e-07
836	3.3784e-07
837	5.593575e-07
838	2.100307e-06
839	3.634278e-06
840	4.0130690000000004e-08
841	3.992127e-08
842	3.092494e-08
843	4.231232e-07
844	1.712437e-08
845	6.133411e-09
846	3.2613490000000002e-09
847	2.8001329999999996e-09
848	4.3481079999999996e-08
849	2.1417850000000001e-07
850	7.589036999999999e-07
851	1.22253e-07
852	4.686818e-08
853	2.7731369999999997e-08
854	5.518914e-07
855	3.09195e-06
856	3.7033359999999994e-07
857	6.594291e-07
858	1.382734e-06
859	7.082323000000001e-07
860	5.531645e-07
861	6.777767e-07
862	5.235187e-07
863	4.906508000000001e-07
864	2.071621e-06
865	5.7761239999999995e-06
866	0.00021748
867	0.0002554389
868	0.0002506683
869	3.893324e-05
870	3.3856240000000006e-05
871	6.34024e-05
872	3.8038090000000004e-05
873	1.671299e-05
874	0.00016582330000000002
875	0.0006449771
876	0.0005201051
877	0.0005188414
878	0.0006947694000000001
879	0.00051811
880	0.00033918269999999996
881	0.0002506404
882	0.00015555
883	0.000123054
884	8.932521e-05
885	8.648023999999999e-05
886	0.0002868964
887	0.002465672
888	0.002569547
889	0.0010256619999999999
890	0.001091299
891	0.0001931322
892	0.0002747751
893	0.0003949715
894	8.478274e-05
895	5.5585090000000004e-05
896	6.528284000000001e-05
897	0.001388637
898	0.001396903
899	0.001490002
900	0.00015166639999999998
901	0.0001341676
902	8.015265e-05
903	7.981208e-05
904	6.460286e-05
905	0.0001315763
906	0.0005561095
907	0.0005619051000000001
908	0.001912082
909	0.003001898
910	0.0044507340000000005
911	0.006329363
912	0.001966448
913	0.001584874
914	0.001963729
915	0.006066964
916	0.0067860540000000006
917	0.007710076
918	0.03851905
919	0.03051864
920	0.01533424
921	0.006950031
922	0.0049763509999999995
923	0.001837586
924	0.001591939
925	0.00043187309999999997
926	0.00021372619999999998
927	0.0001209404
928	9.546029e-05
929	6.125089e-05
930	2.420009e-05
931	7.2665589999999995e-06
932	4.026854e-06
933	6.930164000000001e-07
934	1.891508e-06
935	1.498417e-07
936	5.331169e-08
937	1.0582759999999999e-08
938	2.276322e-08
939	2.2055119999999997e-08
940	1.362972e-07
941	5.070979e-08
942	5.159973e-06
943	5.225336999999999e-06
944	4.678849e-05
945	4.181889e-05
946	8.072083e-07
947	1.465392e-06
948	8.347034e-05
949	2.060257e-05
950	7.7957e-05
951	0.0006378076999999999
952	0.001110478
953	0.0007598919
954	4.5504620000000006e-05
955	1.6601229999999998e-05
956	2.310343e-05
957	3.104118e-05
958	3.990517e-05
959	5.4856780000000005e-05
960	0.0008746036
961	0.0008293668
962	0.0008154272
963	1.221327e-05
964	1.151306e-05
965	1.579312e-05
966	1.994511e-05
967	1.634539e-05
968	0.0002115536
969	0.0005579364
970	0.03216272
971	0.01424034
972	0.05305305
973	0.04378259
974	0.03496578
975	0.01730603
976	0.008587784000000001
977	0.002682755
978	0.0006782775
979	5.482224e-05
980	3.224545e-05
981	2.4721390000000003e-05
982	2.472411e-05
983	1.850521e-05
984	1.91188e-05
985	9.275076e-06
986	1.1927650000000001e-05
987	1.3227490000000001e-05
988	1.5824720000000003e-05
989	1.983307e-05
990	2.192328e-05
991	9.374236e-05
992	0.0002055475
993	0.0005863788
994	0.001288373
995	0.001424374
996	0.001603069
997	0.002256031
998	0.00262691
999	0.003235675
1000	0.006705519
1001	0.01389552
1002	0.02234468
1003	0.029135
1004	0.01062146
1005	0.01559327
1006	0.01649648
1007	0.02105619
1008	0.04791977
1009	0.07514973
1010	0.06106875
1011	0.04201757
1012	0.04284136
1013	0.02031811
1014	0.01563458
1015	0.01221187
1016	0.01125681
1017	0.002403999
1018	6.29925e-05
1019	6.340471e-05
1020	4.558868e-05
1021	4.243519e-05
1022	4.642751e-05
1023	5.438321e-05
1024	5.079056e-05
1025	5.703434e-05
1026	0.0001038682
1027	0.0003643085
1028	0.0006344930000000001
1029	4.116585e-05
1030	3.300707e-05
1031	0.0001352696
1032	0.00938769
1033	0.006687838000000001
1034	0.0019406870000000002
1035	0.0009151389999999999
1036	0.0005931373000000001
1037	0.002617146
1038	0.0024504170000000003
1039	6.924598e-05
1040	2.6163989999999998e-05
1041	1.78887e-05
1042	1.518919e-05
1043	4.461561e-06
1044	1.7832429999999998e-06
1045	6.5975660000000005e-06
1046	1.104942e-05
1047	1.540405e-05
1048	1.397576e-05
1049	1.835494e-05
1050	2.7181570000000002e-05
1051	2.845998e-05
1052	1.896416e-05
1053	6.332745e-05
1054	9.326925e-05
1055	0.00026522599999999997
1056	0.0004933719
1057	0.00153805
1058	0.003200122
1059	0.005513805
1060	0.0074445859999999996
1061	0.01262643
1062	0.004908927
1063	0.004662128
1064	0.005577724
1065	0.0006613839
1066	7.446522e-05
1067	7.250132e-05
1068	1.388152e-05
1069	1.985384e-05
1070	0.0003007573
1071	0.0006032703
1072	0.001143038
1073	0.0005347037999999999
1074	0.0004059739
1075	0.0002623873
1076	0.00011446
1077	5.891476e-05
1078	2.283302e-05
1079	1.4631240000000001e-05
1080	8.384624e-06
1081	1.3901199999999998e-05
1082	8.029657e-06
1083	4.098456e-06
1084	5.756550999999999e-06
1085	1.2668339999999998e-05
1086	1.300252e-05
1087	2.0734050000000002e-05
1088	3.824501e-05
1089	7.867581999999999e-05
1090	0.0002297466
1091	0.0008995989
1092	0.002090896
1093	0.0044406870000000005
1094	0.008508722
1095	0.01253194
1096	0.01924037
1097	0.01763849
1098	0.02291017
1099	0.002485063
1100	0.0038102970000000002
1101	0.003795653
1102	0.0017292020000000002
1103	0.001032663
1104	0.0007308583
1105	0.0013598879999999999
1106	0.0013690010000000001
1107	0.004224247
1108	0.003367186
1109	0.0028053329999999997
1110	0.001174854
1111	0.001476734
1112	0.007056295
1113	0.007147025
1114	0.0068878
1115	0.006804465
1116	0.0058195980000000005
1117	0.004768731
1118	0.00373958
1119	0.0027711
1120	0.001812542
1121	0.0009713333999999999
1122	0.00030626220000000003
1123	0.0001763718
1124	0.00016509630000000001
1125	0.0004251946
1126	0.00034777209999999997
1127	0.0007805379
1128	0.0005282126999999999
1129	8.482831e-06
1130	7.674956e-06
1131	7.811871999999999e-06
1132	8.950528e-06
1133	1.023323e-05
1134	1.3544279999999999e-05
1135	2.58441e-05
1136	5.982076e-05
1137	0.0001385618
1138	0.00022507259999999998
1139	0.0004554639
1140	0.001034205
1141	0.002140889
1142	0.007493392
1143	0.022698
1144	0.03681425
1145	0.0709618
1146	0.08078619
1147	0.09298309
1148	0.15225550000000002
1149	0.153254
1150	0.02199134
1151	0.04808246
1152	0.03550616
1153	0.02649878
1154	0.02147867
1155	0.01626668
1156	0.0114569
1157	0.009702183
1158	0.008718013
1159	0.007834614
1160	0.007002294
1161	0.006279794
1162	0.005412068000000001
1163	0.003754849
1164	0.005457121999999999
1165	0.01890374
1166	0.05268035
1167	0.2512776
1168	0.26614740000000003
1169	0.055143
1170	0.0063097280000000006
1171	0.002270596
1172	0.001226658
1173	0.00013439
1174	0.00010355850000000001
1175	0.0001517583
1176	8.892686e-06
1177	7.285188000000001e-06
1178	7.192917e-06
1179	5.193371e-06
1180	5.6944399999999995e-06
1181	0.0001144216
1182	5.302148e-05
1183	2.895677e-05
1184	2.4336100000000002e-05
1185	1.9734029999999996e-05
1186	2.388875e-05
1187	0.00031124529999999997
1188	0.00027134509999999996
1189	0.0001832259
1190	0.0008005282000000001
1191	0.0009529867
1192	0.0004292607
1193	0.00025722369999999997
1194	0.0001535139
1195	1.874794e-05
1196	7.982649000000001e-07
1197	4.901314e-05
1198	0.0001703974
1199	0.0003052031
1200	5.990409999999999e-06
1201	1.035309e-07
1202	1.4020229999999998e-07
1203	1.614696e-06
1204	5.682401e-06
1205	1.100403e-05
1206	1.828415e-07
1207	1.346856e-07
1208	1.572959e-07
1209	1.2103829999999999e-08
1210	9.942261e-09
1211	1.2558579999999999e-08
1212	1.261836e-08
1213	1.297325e-08
1214	1.151238e-08
1215	1.5636049999999998e-08
1216	4.98485e-08
1217	3.147817e-06
1218	5.174872e-05
1219	5.209136e-05
1220	3.526627e-05
1221	0.0003375766
1222	0.0001523388
1223	3.739166e-06
1224	0.00011610200000000001
1225	0.0004131048
1226	0.001502675
1227	0.0006424835
1228	0.0003648609
1229	0.0006103112000000001
1230	0.0009228805
1231	0.0015987170000000002
1232	0.009758118
1233	0.01861917
1234	0.01479708
1235	0.02020074
1236	0.01244075
1237	0.0001402533
1238	0.001215483
1239	0.00027949159999999997
1240	0.0001324359
1241	9.970157e-05
1242	8.724959999999999e-05
1243	7.596681e-05
1244	6.508153e-05
1245	5.372945e-05
1246	4.3247920000000005e-05
1247	3.428509e-05
1248	3.9380529999999995e-05
1249	1.200483e-05
1250	1.940078e-06
1251	6.112756e-07
1252	2.282421e-06
1253	7.420119999999999e-06
1254	1.5406429999999997e-05
1255	0.0006537371
1256	0.001658846
1257	0.002697627
1258	0.0037430329999999998
1259	4.205996e-05
1260	1.277171e-05
1261	3.344495e-06
1262	3.085507e-06
1263	2.442529e-07
1264	3.3448920000000004e-07
1265	5.550733e-07
1266	1.025208e-06
1267	1.406807e-06
1268	4.101533e-06
1269	3.398452e-05
1270	6.856383e-05
1271	0.0001002159
1272	8.693607e-05
1273	8.569427e-05
1274	0.0001194779
1275	0.0017221889999999998
1276	0.00743258
1277	0.02885501
1278	0.07839991
1279	0.07614721
1280	0.07138044
1281	0.06813032
1282	0.07458959
1283	0.009802205
1284	0.004680524
1285	0.00243044
1286	0.0023594970000000003
1287	0.0001752582
1288	7.535822e-05
1289	2.2743040000000002e-05
1290	1.707532e-05
1291	1.121115e-05
1292	5.765318e-06
1293	3.347301e-06
1294	3.423164e-06
1295	2.034853e-06
1296	1.455203e-05
1297	7.482132e-06
1298	1.061154e-05
1299	0.0004113029
1300	0.001223848
1301	0.003780032
1302	0.0075611509999999995
1303	0.007969111
1304	0.007495435999999999
1305	0.001372996
1306	0.0006724007000000001
1307	0.00107899
1308	0.001958606
1309	0.003531424
1310	0.004474252
1311	0.007814912
1312	0.01338778
1313	0.03905277
1314	0.02519109
1315	0.01120087
1316	0.0008916472
1317	0.0006594221
1318	0.0002403991
1319	0.00019877869999999998
1320	0.0001969363
1321	0.0001485022
1322	0.0001809873
1323	8.375321e-05
1324	0.000169357
1325	3.5833720000000004e-05
1326	2.022036e-05
1327	9.496171000000001e-06
1328	5.3429120000000005e-06
1329	1.8174359999999999e-06
1330	2.319382e-06
1331	6.5590120000000006e-06
1332	1.7368929999999998e-05
1333	4.73245e-05
1334	0.0001880204
1335	0.0008322334
1336	1.4998220000000001e-05
1337	8.919443e-06
1338	1.327185e-06
1339	1.336252e-06
1340	3.551567e-06
1341	1.633417e-05
1342	3.2730489999999997e-06
1343	6.455956e-06
1344	7.955866e-05
1345	5.970896e-05
1346	0.0008169771
1347	0.0006525144999999999
1348	0.0005706941
1349	0.0004132064
1350	0.0002595292
1351	0.00016453939999999998
1352	5.908425e-05
1353	3.207088e-05
1354	0.0001333036
1355	9.454178e-05
1356	5.3084130000000004e-05
1357	2.158501e-05
1358	3.0370500000000003e-05
1359	4.418762e-05
1360	0.0005516131
1361	1.5114820000000003e-05
1362	9.669178e-06
1363	6.642286e-07
1364	2.9438059999999997e-07
1365	3.526248e-07
1366	3.787272e-06
1367	7.387493e-05
1368	0.0001199071
1369	0.00021607159999999999
1370	0.0003415865
1371	0.00033191760000000003
1372	0.0002014202
1373	0.0001137003
1374	9.119736e-06
1375	7.2878980000000005e-06
1376	2.128668e-06
1377	1.535484e-05
1378	2.90681e-05
1379	0.0001098763
1380	2.022596e-05
1381	1.6532539999999997e-05
1382	1.374691e-05
1383	3.570716e-05
1384	5.9557e-05
1385	0.004522611
1386	0.003658433
1387	0.002886398
1388	0.0008391930999999999
1389	0.0007246217
1390	0.0006102848000000001
1391	0.0006629992999999999
1392	0.0005456288
1393	0.0004970816999999999
1394	0.001231512
1395	0.0007179497
1396	0.0005186317
1397	0.0005532384
1398	0.002774361
1399	0.002233853
1400	0.0011028210000000001
1401	0.0009997566
1402	0.000990079
1403	0.0008415581
1404	0.0008137325
1405	0.0004184433
1406	0.00046736389999999997
1407	0.000512794
1408	0.0007189669
1409	0.002646719
1410	0.00307475
1411	0.004984685
1412	0.0040443729999999995
1413	0.005083638
1414	0.0056847930000000005
1415	0.008504794
1416	0.01254022
1417	0.02237277
1418	0.0004717508
1419	0.0005177269
1420	0.0008767639999999999
1421	0.006102486
1422	0.03548424
1423	0.05680512
1424	0.04743030000000001
1425	0.03543199
1426	0.02892571
1427	0.01964279
1428	0.01015816
1429	0.002900063
1430	0.00016056719999999998
1431	2.0358879999999998e-05
1432	9.208870000000001e-05
1433	2.2822110000000004e-05
1434	3.792413e-05
1435	2.8230840000000004e-05
1436	3.234208e-05
1437	5.75412e-07
1438	5.769384999999999e-07
1439	8.300405000000001e-07
1440	9.524953999999999e-07
1441	1.102037e-06
1442	1.400517e-06
1443	3.7442739999999996e-06
1444	5.483655999999999e-06
1445	0.0001430823
1446	4.6745240000000004e-05
1447	6.405984000000001e-05
1448	8.707351e-05
1449	0.001252758
1450	0.000775455
1451	0.004768404
1452	0.01120753
1453	0.02017218
1454	0.0374408
1455	0.04862074
1456	0.05951532
1457	0.03976378
1458	0.03910872
1459	0.02070224
1460	0.03525356
1461	0.03517331
1462	0.02453177
1463	0.02129445
1464	0.05293092
1465	0.04532534
1466	0.04341159
1467	0.04270389
1468	0.04532232
1469	0.0425807
1470	0.03702183
1471	0.03398188
1472	0.03120621
1473	0.02834345
1474	0.02506926
1475	0.02095678
1476	0.01767043
1477	0.0369221
1478	0.030333199999999998
1479	0.01947367
1480	0.009171667
1481	0.0005148459
1482	4.682543e-06
1483	9.963923e-07
1484	1.726608e-06
1485	5.688489e-06
1486	1.0975270000000001e-05
1487	1.0745689999999999e-05
1488	3.4052909999999994e-05
1489	0.00020692
1490	0.001567013
1491	0.004896427
1492	0.007550928
1493	0.01152258
1494	0.007114304
1495	0.007785556
1496	0.008574684
1497	0.001588465
1498	0.00017682790000000002
1499	0.000227121
1500	0.00010482159999999999
1501	3.763381e-05
1502	6.748914e-05
1503	0.0005372253
1504	0.00047416470000000003
1505	0.00042549989999999995
1506	0.00131918
1507	0.01296211
1508	0.01045827
1509	0.009194758
1510	0.007542146
1511	0.005958837
1512	0.004308178
1513	0.002624069
1514	0.001023467
1515	0.000928872
1516	0.002390863
1517	0.00517466
1518	0.0077549080000000005
1519	0.01043508
1520	0.01347513
1521	0.02382446
1522	0.03161811
1523	0.04340314
1524	0.008284309
1525	0.008647221
1526	0.005534144
1527	0.006171653
1528	0.01191056
1529	0.01390886
1530	0.01705238
1531	0.01932837
1532	0.02009942
1533	0.01024812
1534	0.002380021
1535	0.002611629
1536	0.002718931
1537	0.0029452190000000002
1538	0.0005649923
1539	0.0015590170000000002
1540	0.01838292
1541	0.01854385
1542	0.01766355
1543	0.01644132
1544	0.0156048
1545	0.01330135
1546	0.012315999999999999
1547	0.01150443
1548	0.01182246
1549	0.02176787
1550	0.02128909
1551	0.02084838
1552	0.22475799999999999
1553	0.2161373
1554	0.20851799999999998
1555	0.19305450000000002
1556	0.183418
1557	0.17468039999999999
1558	0.14805079999999998
1559	0.139997
1560	0.1410815
1561	0.14575020000000002
1562	0.1502655
1563	0.15481789999999998
1564	0.1408875
1565	0.14645460000000002
1566	0.1452196
1567	0.1397306
1568	0.14263929999999997
1569	0.1566942
1570	0.1626829
1571	0.1637801
1572	0.1774442
1573	0.24160749999999998
1574	0.33951190000000003
1575	0.3712402
1576	0.25007820000000003
1577	0.23579210000000003
1578	0.1304128
1579	0.12745399999999998
1580	0.1296836
1581	0.08906889999999999
1582	0.07930242
1583	0.06884889
1584	0.06064568
1585	0.0670945
1586	0.06544798
1587	0.06417117
1588	0.06435606
1589	0.06229764
1590	0.06103679
1591	0.06997245
1592	0.07200906
1593	0.07555141
1594	0.08906524
1595	0.09564562
1596	0.1047973
1597	0.06041731
1598	0.02987875
1599	0.03886626
1600	0.03521578
1601	0.03431747
1602	0.03347631
1603	0.035320300000000006
1604	0.02478474
1605	0.02561429
1606	0.02414234
1607	0.02420954
1608	0.02473091
1609	0.02546451
1610	0.01295333
1611	0.01041891
1612	0.01192877
1613	0.0144752
1614	0.01895339
1615	0.009448905
1616	0.015348500000000001
1617	0.01142667
1618	0.01035425
1619	0.02434406
1620	0.02713689
1621	0.02345094
1622	0.01835471
1623	0.05572445
1624	0.005083168
1625	0.0006512048999999999
1626	7.35504e-05
1627	5.515446e-05
1628	6.989685e-05
1629	4.5489459999999996e-05
1630	2.373362e-05
1631	2.6909709999999995e-05
1632	2.9189040000000004e-05
1633	3.082769e-05
1634	3.379011e-05
1635	1.621481e-05
1636	1.769787e-05
1637	1.975213e-05
1638	0.0001404908
1639	0.0005240375
1640	0.00057172
1641	0.0034541190000000003
1642	0.002806722
1643	0.002311905
1644	0.002784079
1645	0.0036570540000000003
1646	0.01473256
1647	0.01300292
1648	0.01080858
1649	0.009673319
1650	0.007139709
1651	0.0042653940000000005
1652	0.00125324
1653	0.0009215768
1654	0.002632368
1655	0.006793336
1656	0.01993295
1657	0.02495468
1658	0.02627908
1659	0.02854073
1660	0.03253234
1661	0.02721194
1662	0.03118649
1663	0.03625323
1664	0.04240887
1665	0.0496837
1666	0.1527461
1667	0.06919505
1668	0.06527535
1669	0.08589767
1670	0.08556749
1671	0.09484174
1672	0.09791007
1673	0.10365410000000001
1674	0.1140703
1675	0.11821559999999999
1676	0.12498030000000002
1677	0.1260658
1678	0.1414864
1679	0.1374155
1680	0.09135479
1681	0.03538947
1682	0.03197511
1683	0.04047777
1684	0.03170461
1685	0.02813074
1686	0.02100133
1687	0.01985341
1688	0.01901103
1689	0.01811468
1690	0.01732639
1691	0.01732261
1692	0.01806413
1693	0.02031695
1694	0.0212856
1695	0.02178527
1696	0.08843431
1697	0.08124158
1698	0.07684664
1699	0.09429726
1700	0.16560329999999998
1701	0.168217
1702	0.20295660000000001
1703	0.3381077
1704	0.1528207
1705	0.07115666
1706	0.03408766
1707	0.010387
1708	0.01026019
1709	0.002036755
1710	0.0007303894
1711	0.0008391136
1712	0.0006913852
1713	0.0006184096
1714	0.0007023166
1715	0.0001808465
1716	4.3737e-05
1717	4.769759e-05
1718	5.326474e-05
1719	6.622333e-05
1720	0.00010173200000000001
1721	0.0004758492
1722	0.0005838019
1723	0.00107113
1724	0.0016169070000000001
1725	0.002864147
1726	0.003770893
1727	0.008102478
1728	0.004220887
1729	0.002187801
1730	0.001140239
1731	0.0009499453
1732	0.0009038074000000001
1733	0.0006699900999999999
1734	0.0005228216999999999
1735	0.0003945961
1736	0.0001813141
1737	0.00023941169999999997
1738	0.00036284580000000004
1739	0.0002984508
1740	0.00023148349999999997
1741	0.00018015
1742	0.0001408431
1743	0.0001177799
1744	0.0001644959
1745	0.000327463
1746	0.0005225111000000001
1747	0.00047020709999999997
1748	0.0002846934
1749	0.000293277
1750	0.002882393
1751	0.0016850970000000002
1752	0.00223604
1753	0.001928947
1754	0.0014056239999999998
1755	0.0013885579999999998
1756	0.0015639820000000002
1757	0.00161222
1758	0.001736986
1759	0.0026945259999999996
1760	0.003703633
1761	0.005381039000000001
1762	0.009461418000000001
1763	0.01369442
1764	0.01805208
1765	0.02462044
1766	0.02888595
1767	0.0006085512
1768	0.0005523084
1769	0.0005194026000000001
1770	0.0006574966
1771	0.0005869436
1772	0.0005502627
1773	0.0008369992
1774	0.0008954648
1775	0.0010674719999999999
1776	0.0020682
1777	0.0013517610000000002
1778	0.0013634570000000002
1779	0.00048301860000000003
1780	0.0003123601
1781	0.00026911599999999996
1782	0.00027558
1783	0.0002441146
1784	0.0002290775
1785	0.0002018867
1786	9.318694e-05
1787	5.50175e-05
1788	5.426630999999999e-05
1789	4.791065e-05
1790	0.00013412540000000002
1791	0.004798372
1792	0.003890466
1793	0.0031264979999999997
1794	0.0027362
1795	0.002235765
1796	0.0013745329999999998
1797	0.00019787650000000002
1798	5.816169e-05
1799	1.6313310000000003e-05
1800	6.672116e-06
1801	5.1999079999999993e-05
1802	0.0006864864
1803	0.0012902669999999999
1804	0.00158225
1805	0.002810482
1806	0.0016115539999999999
1807	0.0014990479999999998
1808	0.0017239710000000001
1809	0.0019892729999999997
1810	0.001898934
1811	0.0026093970000000003
1812	0.0048485559999999995
1813	0.008573455
1814	0.012437299999999998
1815	0.01325863
1816	0.02279429
1817	0.08368039
1818	0.08153496
1819	0.08008817
1820	0.04950831
1821	0.05089177
1822	0.05351335
1823	0.06594176
1824	0.06813547
1825	0.07089345
1826	0.07181219
1827	0.07205009
1828	0.07304153
1829	0.07424545
1830	0.04027113
1831	0.03934172
1832	0.03943492
1833	0.08203765
1834	0.10226110000000001
1835	0.1046589
1836	0.10428789999999999
1837	0.1127859
1838	0.11248339999999998
1839	0.1085316
1840	0.03184603
1841	0.01962415
1842	0.01626091
1843	0.0142671
1844	0.008667
1845	0.006732944
1846	0.01723643
1847	0.01554112
1848	0.01338248
1849	0.009666616
1850	0.008104301999999999
1851	0.007368495
1852	0.0071138040000000005
1853	0.0070369759999999995
1854	0.0071336659999999994
1855	0.008704957
1856	0.009326018
1857	0.0109988
1858	0.01694361
1859	0.02804943
1860	0.03818826
1861	0.04880457
1862	0.06382164
1863	0.07437025
1864	0.0898852
1865	0.181055
1866	0.1738711
1867	0.1795471
1868	0.1834855
1869	0.191958
1870	0.22517600000000002
1871	0.392074
1872	0.3974261
1873	0.42211859999999995
1874	0.5065951
1875	0.4658544
1876	0.4055467
1877	0.4192987
1878	0.50983
1879	0.5172945
1880	0.5994709
1881	0.642708
1882	0.650688
1883	0.6671094
1884	0.6608694
1885	0.6504346999999999
1886	0.6542036
1887	0.3169525
1888	0.3041709
1889	0.2940066
1890	0.2906454
1891	0.3022023
1892	0.30222540000000003
1893	0.26976540000000004
1894	0.26983870000000004
1895	0.2562666
1896	0.2448429
1897	0.2157509
1898	0.20372910000000002
1899	0.19055229999999998
1900	0.1807082
1901	0.17864449999999998
1902	0.1706323
1903	0.02470938
1904	0.008176032
1905	0.0029059690000000004
1906	0.002088012
1907	0.002271477
1908	0.002709735
1909	0.0031628740000000004
1910	0.003601135
1911	0.0038839540000000002
1912	0.004434201
1913	0.0013538570000000002
1914	0.0009982136
1915	0.0009780567
1916	0.0009888943
1917	0.0024916
1918	0.00524379
1919	0.01503874
1920	0.1548828
1921	0.15210739999999998
1922	0.1569286
1923	0.1510746
1924	0.1516901
1925	0.1553557
1926	0.1588316
1927	0.19471229999999998
1928	0.198238
1929	0.2007559
1930	0.20426
1931	0.19797520000000002
1932	0.1824864
1933	0.18360929999999998
1934	0.03865304
1935	0.03192135
1936	0.02996925
1937	0.04101180000000001
1938	0.03119824
1939	0.02618347
1940	0.02578966
1941	0.02764169
1942	0.02599473
1943	0.01556873
1944	0.01440032
1945	0.01295774
1946	0.01040718
1947	0.0125692
1948	0.01178321
1949	0.01397142
1950	0.01579882
1951	0.02043518
1952	0.0231988
1953	0.028390499999999996
1954	0.02251977
1955	0.01754611
1956	0.01308409
1957	0.013329800000000001
1958	0.01396407
1959	0.008465108
1960	0.008739868000000001
1961	0.009151608
1962	0.009607537
1963	0.01062074
1964	0.02776798
1965	0.01396641
1966	0.01520254
1967	0.013809100000000001
1968	0.02128193
1969	0.02115242
1970	0.0239625
1971	0.01986407
1972	0.009338121999999999
1973	0.007388494000000001
1974	0.005407031
1975	0.005499756999999999
1976	0.0053345580000000005
1977	0.008245757
1978	0.007603699
1979	0.02606566
1980	0.009281761999999999
1981	0.003906616
1982	0.0008516113
1983	0.0007467319
1984	0.0007444767999999999
1985	0.0003090967
1986	0.000427054
1987	0.0006941105
1988	0.0013380129999999999
1989	0.001802116
1990	0.002763844
1991	0.0038875809999999998
1992	3.957363e-05
1993	2.5397929999999998e-05
1994	2.709353e-05
1995	2.9705e-05
1996	0.00010640270000000001
1997	0.0006798692999999999
1998	0.0006841358
1999	0.0006507848999999999
2000	0.0008686175
2001	0.0009185921
2002	0.0009390100999999999
2003	0.001445666
2004	0.0022569020000000003
2005	0.001000365
2006	0.0069563690000000004
2007	0.02130026
2008	0.03495574
2009	0.0485942
2010	0.06289855
2011	0.07080184
2012	0.08420104
2013	0.09696979
2014	0.001705084
2015	0.0002635937
2016	4.085487e-05
2017	3.5911859999999995e-05
2018	4.107572e-05
2019	0.001893349
2020	0.0011666889999999998
2021	0.0005396824
2022	4.777508e-05
2023	1.822189e-06
2024	1.4610299999999998e-06
2025	1.325047e-06
2026	1.201987e-06
2027	1.144332e-06
2028	8.497335e-06
2029	8.009976e-06
2030	8.55415e-06
2031	9.093062e-06
2032	6.779929e-05
2033	8.089595999999999e-05
2034	0.000152817
2035	0.00031550029999999996
2036	0.0005358194
2037	0.001778355
2038	0.002571016
2039	0.008709699
2040	0.01599199
2041	0.02428309
2042	0.01150894
2043	0.01013033
2044	0.004335877
2045	0.0006701972
2046	0.0006995065
2047	0.0007700291999999999
2048	0.0008430694
2049	2.891137e-05
2050	3.163857e-05
2051	0.001545654
2052	0.01084918
2053	0.02488079
2054	0.01516312
2055	0.006318921999999999
2056	0.00018290869999999999
2057	2.2414160000000003e-06
2058	1.427633e-06
2059	1.27677e-06
2060	1.5330700000000002e-06
2061	5.90457e-07
2062	4.188635e-07
2063	3.846262e-07
2064	5.868184e-07
2065	1.4054560000000002e-05
2066	4.712746e-05
2067	0.0001227387
2068	0.0001860073
2069	4.675467e-06
2070	1.023337e-06
2071	3.405701e-07
2072	4.522761e-07
2073	5.589743000000001e-07
2074	6.486119000000001e-07
2075	1.929898e-06
2076	4.9484840000000005e-06
2077	8.081613e-06
2078	1.531734e-05
2079	1.660252e-05
2080	0.0004887177
2081	0.02800181
2082	0.02799039
2083	0.0006250139
2084	0.0005066261
2085	0.0023262870000000002
2086	0.00757636
2087	0.0108446
2088	0.003775324
2089	0.001832484
2090	0.00135556
2091	0.000947921
2092	0.000699642
2093	0.00030723990000000004
2094	0.000158358
2095	7.483559e-05
2096	4.162236e-05
2097	3.34093e-05
2098	3.541869e-05
2099	2.9251420000000004e-05
2100	3.0325529999999998e-05
2101	0.004868211
2102	0.004998908
2103	0.00030552330000000003
2104	0.0001390056
2105	0.0001462433
2106	0.0001507523
2107	0.0002039888
2108	0.0003330134
2109	0.0004629389
2110	0.0009648357000000001
2111	0.001457806
2112	0.001277216
2113	0.0011621910000000001
2114	0.003257125
2115	0.003230445
2116	0.0002366047
2117	7.091431e-05
2118	0.0001853753
2119	0.0002758287
2120	5.879508000000001e-05
2121	0.00012882629999999998
2122	0.01535747
2123	0.01448949
2124	0.00018641740000000003
2125	0.00011592360000000001
2126	0.0001058556
2127	0.00011843030000000001
2128	0.000127832
2129	0.0001374783
2130	0.000922902
2131	0.01099976
2132	0.01261727
2133	0.01435325
2134	0.0252398
2135	0.03606809
2136	0.05456442
2137	0.0911197
2138	0.09461682
2139	0.1654356
2140	0.3392794
2141	0.34032070000000003
2142	0.3328507
2143	0.35652849999999997
2144	0.36103140000000006
2145	0.38860059999999996
2146	0.5475673000000001
2147	0.6607388000000001
2148	0.5208282999999999
2149	0.5064143
2150	0.496963
2151	0.321343
2152	0.15698489999999998
2153	0.09640012
2154	0.06902572
2155	0.06553350000000001
2156	0.0633926
2157	0.05402361
2158	0.04688224
2159	0.01168424
2160	0.0009297797000000001
2161	0.0007652857000000001
2162	0.0005419433999999999
2163	3.1031509999999997e-05
2164	2.047012e-05
2165	4.918855e-06
2166	1.934784e-06
2167	2.16083e-06
2168	2.843336e-05
2169	0.0001132744
2170	0.000212389
2171	0.00031220689999999997
2172	0.0004484249
2173	0.0008065866000000001
2174	0.00110347
2175	0.001477803
2176	0.00042766839999999995
2177	0.001127042
2178	0.001408207
2179	0.0047575840000000005
2180	0.01621122
2181	0.002431093
2182	0.0018187320000000002
2183	0.001538584
2184	0.0009788739
2185	0.0006365607
2186	9.338838e-05
2187	7.452203e-05
2188	9.888099e-05
2189	3.304489e-05
2190	2.659001e-05
2191	2.69241e-05
2192	4.3753249999999997e-05
2193	1.8369849999999998e-05
2194	9.678401e-06
2195	1.6805029999999998e-05
2196	1.203925e-05
2197	7.293945e-06
2198	2.481651e-05
2199	2.529288e-05
2200	3.538841e-05
2201	0.0001507305
2202	7.515024e-05
2203	5.9801709999999994e-05
2204	8.675661e-05
2205	0.0002546965
2206	0.0002494132
2207	0.0002621012
2208	0.0002898068
2209	0.00025078759999999997
2210	4.7919209999999994e-05
2211	0.00024417220000000003
2212	0.0009550003999999999
2213	0.000335862
2214	0.00012921
2215	9.397091e-05
2216	0.0001525018
2217	0.0001418891
2218	0.0001778539
2219	0.000177188
2220	0.00037848849999999997
2221	0.00044687739999999996
2222	0.0003417177
2223	0.0002084832
2224	0.0002804584
2225	0.000592266
2226	0.0004376907
2227	0.0003748831
2228	0.0002935179
2229	0.004015272
2230	0.002955039
2231	0.002483444
2232	0.0013980660000000001
2233	0.0006857274
2234	0.0006553853
2235	0.0003620028
2236	0.001854694
2237	0.0029425429999999997
2238	0.001987133
2239	0.0009370355000000001
2240	0.001239158
2241	0.001174405
2242	9.051582e-05
2243	2.515506e-05
2244	3.967094e-05
2245	1.68682e-05
2246	2.357798e-05
2247	3.8236269999999996e-05
2248	0.000109672
2249	0.00010851709999999998
2250	0.0001511145
2251	0.00019673009999999998
2252	0.00023832259999999997
2253	0.0005830446
2254	0.001046373
2255	0.0005548784
2256	0.0011633
2257	0.0031286120000000002
2258	0.01600822
2259	0.01730984
2260	0.01722568
2261	0.02172865
2262	0.04620618
2263	0.0255952
2264	0.03202449
2265	0.0283933
2266	0.0277255
2267	0.02285927
2268	0.02598435
2269	0.03357347
2270	0.01109703
2271	0.002729708
2272	0.0007471263000000001
2273	0.001021679
2274	0.0012631419999999999
2275	0.001054475
2276	0.0009404165
2277	0.0007704333
2278	0.003316678
2279	0.00046589160000000006
2280	0.0004282677
2281	0.0005574319
2282	0.0002318843
2283	1.785631e-05
2284	1.1087719999999999e-05
2285	1.872241e-05
2286	7.318276999999999e-05
2287	0.0001438966
2288	0.0001436898
2289	0.00012790770000000002
2290	0.0001262545
2291	0.0001300509
2292	0.0001454846
2293	0.00041430510000000005
2294	0.0004183387
2295	0.00046479199999999995
2296	0.0006583275
2297	0.01231585
2298	0.02214575
2299	0.03614648
2300	0.05008248
2301	0.0593538
2302	0.07057165
2303	0.08720569
2304	0.1046877
2305	0.2343976
2306	0.5404914000000001
2307	0.551287
2308	0.5661596
2309	0.6011709
2310	0.7220104
2311	0.9952453000000001
2312	0.9818116
2313	0.7182935
2314	0.6279631999999999
2315	0.6187139
2316	0.6094356
2317	0.6006658
2318	0.5911668999999999
2319	0.5814774
2320	0.1943714
2321	0.171182
2322	0.165149
2323	0.15928820000000002
2324	0.14409029999999998
2325	0.11737639999999999
2326	0.1106867
2327	0.10558089999999999
2328	0.09432436
2329	0.08381327
2330	0.07935743
2331	0.07361051
2332	0.06583143
2333	0.05879627
2334	0.04551276
2335	0.03022211
2336	0.02737822
2337	0.02934281
2338	0.03205397
2339	0.030544400000000003
2340	0.03605584
2341	0.03400446
2342	0.03639143
2343	0.03953923
2344	0.04389647
2345	0.004248365
2346	0.003419198
2347	0.003050096
2348	0.0019910789999999998
2349	0.01226772
2350	0.007144449000000001
2351	0.002463785
2352	0.0002262556
2353	0.0001653394
2354	1.9292049999999998e-05
2355	2.0403640000000002e-05
2356	1.16769e-05
2357	4.764337e-06
2358	2.81336e-06
2359	2.5817220000000002e-05
2360	5.767543000000001e-05
2361	0.00013035409999999999
2362	0.00023029759999999998
2363	9.105434000000001e-05
2364	9.676263000000001e-05
2365	0.0001593965
2366	0.0003497407
2367	0.0015003220000000001
2368	0.001959706
2369	0.0021314339999999998
2370	0.002362114
2371	0.0032998570000000002
2372	0.006574525
2373	0.006855531
2374	0.007402985999999999
2375	0.002344207
2376	0.0008669228
2377	0.00016277350000000002
2378	8.547833e-05
2379	9.767008e-05
2380	0.0001062256
2381	0.0001385982
2382	6.794076e-05
2383	4.4221779999999996e-05
2384	0.0001451702
2385	8.484460999999999e-05
2386	7.320922e-05
2387	6.644745e-05
2388	6.165101e-05
2389	0.0003215965
2390	0.002408666
2391	0.0018954070000000002
2392	0.001893839
2393	0.001544619
2394	0.001830051
2395	0.002308605
2396	0.004639384
2397	0.01057245
2398	0.01839216
2399	0.02912998
2400	0.07003679
2401	0.05811294
2402	0.06591014
2403	0.07378335
2404	0.08169464
2405	0.09010212
2406	0.09901339
2407	0.1309442
2408	0.3036395
2409	0.41548720000000006
2410	0.4542495
2411	0.4594263
2412	0.4677403
2413	0.4677175
2414	0.4679951
2415	0.4859155
2416	0.5161946
2417	0.5240117
2418	0.5410554
2419	0.5970892
2420	0.6656835
2421	0.6753041999999999
2422	0.6869334
2423	0.7104545
2424	0.6654326999999999
2425	0.6215921
2426	0.42636620000000003
2427	0.39934390000000003
2428	0.30297820000000003
2429	0.21805879999999997
2430	0.18951020000000002
2431	0.1684281
2432	0.151883
2433	0.1433968
2434	0.13456010000000002
2435	0.1299902
2436	0.117026
2437	0.1140201
2438	0.1132703
2439	0.0727743
2440	0.0726833
2441	0.05578308
2442	0.05488691
2443	0.04748407
2444	0.05129522
2445	0.05330109
2446	0.05483474
2447	0.05391602
2448	0.05992584
2449	0.05903596
2450	0.06487644
2451	0.1268971
2452	0.1300347
2453	0.1840808
2454	0.19134500000000002
2455	0.2074853
2456	0.20857979999999998
2457	0.2089764
2458	0.04717623
2459	0.02378339
2460	0.01322174
2461	0.01137028
2462	0.005841061999999999
2463	0.006379115
2464	0.009377232
2465	0.01812994
2466	0.01596404
2467	0.01544731
2468	0.005897624000000001
2469	0.003860304
2470	0.003550239
2471	0.003161853
2472	0.004139861
2473	0.0077257390000000006
2474	0.003113109
2475	0.0002704186
2476	0.0009704542
2477	0.0004153203
2478	0.00014937
2479	0.0001124849
2480	5.6831069999999997e-05
2481	5.4935930000000006e-05
2482	5.884871e-05
2483	4.001809e-05
2484	3.451864e-05
2485	3.049547e-05
2486	3.125745e-05
2487	4.665407e-05
2488	4.753997e-05
2489	0.00021765290000000002
2490	0.001024046
2491	0.000960343
2492	0.001225774
2493	0.001197859
2494	0.0004628727
2495	0.0001960089
2496	9.84893e-05
2497	0.000214204
2498	0.00035672760000000003
2499	0.0005482127
2500	0.0005813384
2501	0.0007608236
2502	0.000446968
2503	0.00047724139999999997
2504	0.0004956716
2505	0.0005540995999999999
2506	0.0007093702
2507	0.0012012330000000001
2508	0.0002739002
2509	0.0006944561
2510	0.0003347265
2511	0.0004863269
2512	0.0002454188
2513	0.0002595371
2514	6.669929e-05
2515	0.00021825470000000002
2516	0.0002253953
2517	0.0001021593
2518	0.0001631958
2519	0.00018748849999999999
2520	0.0002041699
2521	0.0002489956
2522	0.0005383496
2523	0.002926942
2524	0.009246584
2525	0.008522967
2526	0.03130163
2527	0.05506769
2528	0.04884797
2529	0.04466648
2530	0.05138764
2531	0.1491884
2532	0.1796943
2533	0.1379326
2534	0.1402352
2535	0.125653
2536	0.1148277
2537	0.09609912
2538	0.08187635
2539	0.07831624
2540	0.08877328
2541	0.09570096
2542	0.09450235
2543	0.1233031
2544	0.1315772
2545	0.2279205
2546	0.22734169999999998
2547	0.22218520000000003
2548	0.2196252
2549	0.21652070000000004
2550	0.12104970000000001
2551	0.1031847
2552	0.09675388
2553	0.09120067
2554	0.08885805
2555	0.08732446
2556	0.1118056
2557	0.1122802
2558	0.1112124
2559	0.11236900000000001
2560	0.10964860000000001
2561	0.1181375
2562	0.11723720000000001
2563	0.11764649999999999
2564	0.06559569999999999
2565	0.06427182
2566	0.07467322
2567	0.1347708
2568	0.2438929
2569	0.22845589999999996
2570	0.2127873
2571	0.21571149999999997
2572	0.261714
2573	0.2533988
2574	0.2368346
2575	0.2228688
2576	0.2567674
2577	0.2598466
2578	0.2419281
2579	0.21408049999999998
2580	0.1309972
2581	0.08913006
2582	0.0614878
2583	0.03477541
2584	0.02244088
2585	0.00666826
2586	0.001495276
2587	0.0006189907
2588	0.0004096575
2589	0.0002746906
2590	0.00022379610000000002
2591	0.0001742196
2592	0.0001258042
2593	7.313132e-05
2594	7.080899e-05
2595	7.442013e-05
2596	0.0001314831
2597	0.0001983903
2598	0.00021047200000000001
2599	0.0007425060000000001
2600	0.006567064
2601	0.01588232
2602	0.022205799999999998
2603	0.03686828
2604	0.03876954
2605	0.03945335
2606	0.04364441
2607	0.41320640000000003
2608	0.3604687
2609	0.2738446
2610	0.21769210000000003
2611	0.22209740000000003
2612	0.2197073
2613	0.23555189999999998
2614	0.2356614
