end	14
1	0.9999167
2	0.9963409
3	0.9898844000000001
4	0.9897886
5	0.9896091
6	0.9895915000000001
7	0.9890264999999999
8	0.9869366
9	0.135261
10	0.007199703000000001
11	0.005921610999999999
12	0.0001057768
13	4.4174899999999996e-05
14	4.4054579999999995e-05
15	3.084047e-06
16	2.369609e-06
17	2.3656370000000002e-06
18	2.3604239999999997e-06
19	1.082356e-06
20	2.781781e-06
21	1.480669e-08
22	2.116274e-10
23	2.091941e-10
24	7.56113e-09
25	1.196625e-08
26	5.343548e-08
27	3.9752230000000005e-08
28	7.233347e-08
29	2.069122e-07
30	2.8079340000000003e-06
31	3.0075599999999995e-06
32	7.301661e-07
33	8.917211999999999e-07
34	2.41067e-06
35	2.427002e-05
36	0.00021216979999999998
37	0.00043300639999999997
38	0.0007172451
39	0.0011558480000000001
40	0.002603284
41	0.006482341
42	0.01284784
43	0.06559314
44	0.08992949
45	0.05027725
46	0.05250313
47	0.08626838
48	0.1497223
49	0.01329986
50	0.009733584
51	4.508987e-05
52	7.776476e-06
53	7.407236e-06
54	7.244991000000001e-08
55	3.519538e-08
56	2.28937e-08
57	2.2926279999999996e-08
58	2.251235e-08
59	1.8553549999999997e-08
60	1.565232e-08
61	1.9254810000000002e-08
62	1.8117740000000004e-08
63	7.253609999999999e-09
64	2.5680290000000002e-08
65	3.733141e-06
66	7.786713e-06
67	7.414830000000001e-06
68	4.542304e-06
69	7.705011e-06
70	1.0570839999999998e-05
71	3.094907e-05
72	6.874937e-05
73	0.0001064382
74	0.0001478808
75	0.0001374889
76	4.290341e-06
77	1.661764e-06
78	1.3327760000000002e-06
79	1.289562e-06
80	1.452787e-06
81	8.527963e-08
82	2.48887e-07
83	1.9410720000000002e-07
84	3.89833e-07
85	4.216887e-07
86	4.218203e-07
87	1.123388e-06
88	2.756675e-06
89	1.762778e-05
90	0.0001962443
91	0.0001133822
92	7.262135e-05
93	2.924574e-05
94	1.243825e-05
95	4.560188e-05
96	0.0003839206
97	0.000897962
98	0.0408888
99	0.001754331
100	0.0019347210000000001
101	0.002398342
102	0.002883816
103	0.0008195299
104	0.0003065773
105	2.5529029999999998e-05
106	8.694218000000001e-05
107	7.059872e-05
108	0.0001351672
109	0.0002378248
110	0.00031327169999999997
111	0.0003334251
112	0.0003198356
113	0.0003005496
114	0.00023407
115	0.00021189939999999999
116	0.00018880060000000002
117	0.00018831799999999998
118	0.0002552996
119	0.00308166
120	0.01008996
121	0.01787817
122	0.0821462
123	0.08588903
124	0.2345609
125	0.24436750000000002
126	0.23872470000000004
127	0.23017220000000002
128	0.24811309999999998
129	0.238603
130	0.25929589999999997
131	0.12037049999999999
132	0.1132354
133	0.00490258
134	0.002016748
135	0.001480705
136	0.0003802849
137	0.0003400222
138	0.0001472636
139	0.0001416817
140	0.0001405953
141	0.0001367397
142	0.0001106867
143	0.0001062612
144	0.0001039978
145	0.0001064543
146	0.000121837
147	0.0003064395
148	0.00055136
149	0.00150979
150	0.003216824
151	0.007270291999999999
152	0.03755247
153	0.03722242
154	0.023741599999999998
155	0.008270725
156	0.0026095370000000003
157	0.002510342
158	0.0026935279999999997
159	0.0030197559999999997
160	0.003056147
161	0.0030484220000000003
162	0.00039804529999999997
163	0.00035204889999999997
164	0.0007402939
165	0.0001214358
166	0.00011192540000000001
167	8.85468e-05
168	0.0001087447
169	0.0001511337
170	0.001356595
171	0.001249411
172	0.0005881049
173	0.00039262739999999997
174	0.0003108414
175	0.0002935691
176	0.0008764812
177	0.0003390207
178	0.00104129
179	0.003552907
180	0.003395992
181	0.003175387
182	0.0030711329999999998
183	0.008224117
184	0.0069581109999999995
185	0.0045335259999999995
186	0.00206809
187	0.001006098
188	0.00017708060000000002
189	2.273225e-05
190	1.267292e-05
191	5.350416999999999e-05
192	1.868111e-05
193	2.951134e-05
194	2.640005e-06
195	1.716509e-06
196	1.53185e-06
197	1.7724729999999999e-06
198	1.873354e-06
199	1.936352e-06
200	2.000956e-06
201	1.894686e-06
202	5.044804e-06
203	2.716721e-06
204	4.4811690000000005e-07
205	5.259846e-07
206	3.054737e-06
207	1.718744e-05
208	1.384941e-05
209	1.237263e-05
210	6.169999e-05
211	5.132214e-05
212	1.7583929999999998e-05
213	4.540695e-06
214	8.076704999999999e-07
215	2.18798e-06
216	4.603311e-07
217	6.008215999999999e-07
218	4.394198e-06
219	8.837757000000001e-06
220	3.445197e-05
221	7.838930999999999e-05
222	0.0001231135
223	0.00017566389999999998
224	0.00022924580000000002
225	0.0002760829
226	0.0003173997
227	0.0009033139999999999
228	0.008619089
229	0.008972945
230	0.02386753
231	0.008459553
232	0.009144095999999999
233	0.005654136999999999
234	0.004770376
235	0.004186718
236	0.01211951
237	0.0112865
238	0.01122376
239	0.03552366
240	0.04915502
241	0.05049452
242	0.0752921
243	0.07424574
244	0.05311475
245	0.04957842
246	0.02724714
247	0.02085963
248	0.0192575
249	0.01784826
250	0.01713455
251	0.02336428
252	0.02204164
253	0.01993143
254	0.01391827
255	0.007224063
256	0.001203331
257	0.0007684719
258	0.0007512389999999999
259	0.0008029576
260	0.00163037
261	0.005193467
262	0.01012473
263	0.01677715
264	0.01642773
265	0.01886332
266	0.02166811
267	0.02401558
268	0.02665122
269	0.03003132
270	0.05009192
271	0.1944862
272	0.20532529999999996
273	0.2199016
274	0.2306575
275	0.23203600000000002
276	0.25080749999999996
277	0.25947129999999996
278	0.28238409999999997
279	0.3178307
280	0.35772020000000004
281	0.313513
282	0.2854345999999999
283	0.2396938
284	0.2882697
285	0.28422090000000005
286	0.2793565
287	0.11642639999999999
288	0.0720677
289	0.06416657
290	0.05839622
291	0.05347435
292	0.03865723
293	0.02688355
294	0.01353732
295	0.004678145999999999
296	0.000676142
297	0.0007417792
298	0.0037388290000000004
299	0.0037237570000000003
300	0.003965092
301	0.001554195
302	0.001117607
303	0.0009068034
304	0.0002864386
305	0.0001485223
306	3.9156459999999994e-05
307	1.357664e-05
308	1.290408e-06
309	1.115064e-06
310	2.128058e-05
311	2.0895460000000004e-05
312	1.2439200000000001e-05
313	1.175107e-05
314	1.216685e-05
315	0.000121526
316	0.0001245315
317	0.000124743
318	0.0001215668
319	0.0001224598
320	0.0005405879
321	0.0015752160000000002
322	0.004060996
323	0.007670589
324	0.01305117
325	0.02695753
326	0.03051624
327	0.007200521
328	0.0076702590000000005
329	0.005623316999999999
330	0.00386673
331	8.010586e-05
332	2.6980890000000004e-05
333	2.729886e-05
334	2.6177979999999998e-05
335	2.220216e-05
336	2.981696e-05
337	1.835022e-05
338	1.245248e-05
339	6.814901999999999e-06
340	1.7842750000000002e-06
341	1.006609e-06
342	1.095103e-06
343	2.314236e-06
344	5.533496e-06
345	5.325419e-05
346	0.0004221139
347	0.0003655368
348	0.0004163517
349	0.00038847029999999997
350	0.00040451699999999996
351	0.0004629549
352	0.0004047868
353	0.0004734829
354	0.000827693
355	0.0004780723
356	0.0002126265
357	0.0002363213
358	0.0002152288
359	0.00023848819999999998
360	0.0002810667
361	0.0002335405
362	0.0002289911
363	0.00023778069999999998
364	0.00025805180000000003
365	0.000238333
366	9.000439e-06
367	1.1085550000000001e-05
368	2.1472020000000002e-05
369	7.318509e-05
370	0.01766388
371	0.01793844
372	0.02176089
373	0.01886103
374	0.01772634
375	0.000506451
376	0.0002535535
377	0.0028207379999999997
378	0.002294343
379	0.0021763620000000003
380	0.0021760720000000002
381	0.0021861520000000002
382	0.002778735
383	0.002185424
384	0.002145705
385	0.00205273
386	0.002009429
387	0.001860857
388	0.001524547
389	0.001231144
390	0.002004465
391	0.004125819
392	0.02822763
393	0.00402759
394	9.783122e-05
395	6.285048e-05
396	0.0002380446
397	0.0002254371
398	0.0002316585
399	4.8474490000000004e-05
400	6.920296999999999e-05
401	8.670833e-05
402	0.000119221
403	0.0001770943
404	0.0005608215
405	0.0008853075
406	0.0003031766
407	0.00095414
408	0.001624874
409	0.0021726270000000003
410	0.002932417
411	0.0037559579999999998
412	0.002061119
413	0.002317234
414	0.002460131
415	0.0038740090000000003
416	0.005840243
417	0.009840441
418	0.09502071
419	0.08661209
420	0.08542153
421	0.11029489999999999
422	0.1093156
423	0.10811099999999998
424	0.09792332
425	0.1011626
426	0.02455021
427	0.01374379
428	0.0172708
429	0.04291714
430	0.01071475
431	0.005692543
432	0.005727497
433	0.005639531999999999
434	0.004747302
435	0.008245156
436	0.007963932
437	0.008158472
438	0.0076069219999999995
439	0.00790254
440	0.05294605
441	0.04423693
442	0.0317207
443	0.02793421
444	0.01380102
445	0.007219524000000001
446	0.007636915
447	0.008801961
448	0.007553273
449	0.005832
450	0.004679947
451	0.0036076809999999997
452	0.002138992
453	0.001131026
454	0.0013164320000000002
455	0.00048433419999999996
456	0.0022741470000000002
457	0.01481426
458	0.10431549999999999
459	0.1026704
460	0.1034629
461	0.01716028
462	0.004918952
463	0.003238703
464	0.003578992
465	0.003027568
466	0.0019229660000000001
467	0.001077095
468	0.001781474
469	0.004569505
470	0.003993045
471	0.0036845420000000003
472	0.002867337
473	0.002955432
474	0.003431954
475	0.004045733
476	0.005207253
477	0.008588132
478	0.00969641
479	0.008435729
480	0.01556445
481	0.01848169
482	0.01826319
483	0.0004779157
484	0.0003947011
485	0.0007170891
486	0.0007352227
487	0.0004327891
488	0.0002982258
489	0.0001378446
490	6.110081e-05
491	4.218793e-05
492	2.484379e-05
493	2.444614e-05
494	2.3135660000000003e-05
495	2.005257e-05
496	3.0453379999999997e-05
497	0.001704424
498	0.0002117057
499	0.0002267233
500	0.0002579427
501	0.001207741
502	0.001215197
503	0.0019032839999999999
504	4.6625479999999995e-05
505	4.7708580000000005e-05
506	6.662704e-05
507	4.5130559999999995e-05
508	0.00011273879999999999
509	0.0003282936
510	0.0008126473
511	0.001514932
512	0.002299514
513	0.003072027
514	0.003844802
515	0.00492064
516	0.007425748
517	0.01254952
518	0.01828412
519	0.0252586
520	0.0319797
521	0.04673257
522	0.08275493
523	0.0035756309999999997
524	0.0035216329999999997
525	0.00462214
526	7.712985999999999e-05
527	4.5206099999999994e-05
528	1.7373489999999998e-05
529	6.644968e-07
530	5.603111999999999e-07
531	4.237795999999999e-07
532	3.476474e-07
533	3.9599270000000004e-07
534	3.547128e-07
535	3.078993e-07
536	2.982839e-07
537	4.774493e-07
538	5.583542999999999e-06
539	2.394593e-05
540	0.0004304952
541	0.00262568
542	0.0069804609999999994
543	0.01371489
544	0.003953964
545	0.0012715410000000002
546	0.001953004
547	0.00020335060000000002
548	0.000171384
549	5.5284409999999996e-05
550	2.8644279999999998e-05
551	3.45425e-05
552	2.042932e-06
553	9.496374e-07
554	6.044624000000001e-07
555	1.168808e-06
556	1.4718950000000001e-06
557	6.934568e-07
558	1.11573e-06
559	1.728395e-05
560	7.472245e-05
561	4.159572e-05
562	3.426739e-05
563	1.640743e-05
564	1.595011e-05
565	1.144862e-05
566	4.095792e-05
567	0.0001208499
568	0.0005210684
569	0.001233981
570	0.003754505
571	0.008601631
572	0.01283849
573	0.01617547
574	0.01714313
575	0.02036439
576	0.02020229
577	0.0038445190000000002
578	0.0033778690000000004
579	0.002965959
580	0.002604291
581	0.005264624
582	0.004211768
583	0.0041323409999999994
584	0.001423151
585	0.0001825296
586	5.111088e-05
587	0.0001220619
588	0.0001344066
589	0.0001633735
590	0.00021696119999999999
591	0.007075962
592	0.0059396
593	0.005282444
594	0.004669115
595	0.003975713
596	0.00335902
597	0.0029744240000000003
598	0.0028574290000000003
599	0.002347456
600	0.0018279960000000001
601	0.001323915
602	0.0008655599000000001
603	0.0004169155
604	0.00016908479999999998
605	0.0002806282
606	0.0002698392
607	0.0002744077
608	0.0002883619
609	0.0002621889
610	0.00028964080000000003
611	0.0008074492999999999
612	0.000447368
613	0.001013284
614	0.0003665578
615	0.00035781589999999997
616	0.0004473563
617	0.0003195898
618	0.003289318
619	0.003178715
620	0.001742417
621	0.0012750230000000001
622	0.001567673
623	0.001443711
624	0.002332817
625	0.001914089
626	0.0032524809999999998
627	0.0119248
628	0.01285255
629	0.009248801
630	0.004784514
631	0.0003086548
632	0.00020231549999999998
633	0.00017994099999999998
634	0.00022056
635	0.0003372815
636	6.935203e-05
637	3.785064e-06
638	2.395187e-06
639	4.679166e-06
640	4.745055e-06
641	4.116268e-06
642	4.09909e-06
643	1.388601e-06
644	1.110921e-06
645	3.3875040000000003e-06
646	7.754189e-06
647	7.724238e-06
648	3.501116e-05
649	3.524997e-05
650	2.206669e-05
651	2.64346e-05
652	5.992236e-05
653	3.114187e-05
654	7.99199e-06
655	3.183826e-06
656	3.1030560000000005e-06
657	1.586662e-06
658	4.2489999999999995e-06
659	7.912686e-05
660	5.7224580000000006e-05
661	5.559026e-05
662	6.517036e-05
663	6.543060999999999e-05
664	6.461602e-05
665	8.991064e-05
666	0.0005408369
667	0.001189825
668	0.0017602989999999999
669	0.003541918
670	0.003959756
671	0.00501588
672	0.0122012
673	0.02211991
674	0.1639698
675	0.24562710000000001
676	0.14270850000000002
677	0.14219920000000003
678	0.1490268
679	0.1522269
680	0.1849833
681	0.2304993
682	0.2318419
683	0.2505988
684	0.2402888
685	0.2039995
686	0.21945949999999997
687	0.1317046
688	0.132484
689	0.1353934
690	0.120886
691	0.13011860000000003
692	0.05256491
693	0.01683133
694	0.01313955
695	0.01210867
696	0.01182408
697	0.0122647
698	0.01439634
699	0.01464885
700	0.01181609
701	0.01377312
702	0.01166331
703	0.006278688
704	0.004505368
705	0.003178689
706	0.002222128
707	0.0020539
708	0.0003400205
709	0.0003299921
710	0.0002394222
711	2.3918720000000003e-05
712	1.8777459999999998e-06
713	2.003113e-06
714	4.844294e-06
715	2.093619e-05
716	5.7614319999999996e-05
717	0.00023426639999999998
718	0.0002379574
719	0.00025072880000000003
720	0.00027300619999999997
721	0.00022034639999999998
722	5.876978e-05
723	6.082036e-05
724	6.945646e-05
725	0.0002712334
726	0.0006869616
727	0.001125933
728	0.002055706
729	0.003547602
730	0.0003943878
731	9.060941e-06
732	1.000485e-06
733	6.643989000000001e-07
734	3.9496990000000006e-07
735	1.701625e-05
736	0.001134555
737	0.001298042
738	0.001145045
739	0.0042881
740	0.006235874000000001
741	0.002155285
742	0.0007216639999999999
743	0.0007783225999999999
744	0.0007834684
745	0.0009202917999999999
746	0.01279087
747	0.0153938
748	0.02317108
749	0.03210917
750	0.0311343
751	0.03437487
752	0.04021117
753	0.01812144
754	0.01982139
755	0.02510044
756	0.04775382
757	0.02629608
758	0.0210277
759	0.004198774000000001
760	0.006920893000000001
761	0.007142531999999999
762	0.00744357
763	0.001867065
764	0.0018015610000000001
765	0.0009355075999999999
766	0.0006109471
767	1.457604e-05
768	1.062029e-05
769	1.142144e-05
770	1.2720439999999999e-05
771	1.498431e-05
772	3.214348e-05
773	2.545757e-05
774	6.766479000000001e-05
775	7.240364000000001e-05
776	6.827663e-05
777	8.610642e-05
778	0.00023835869999999998
779	0.000394435
780	0.0021238529999999998
781	0.001724342
782	0.04790294
783	0.04780134
784	0.03529361
785	0.02382553
786	0.01724678
787	0.01237436
788	0.01079992
789	0.01131397
790	0.009356515
791	0.008098668
792	0.006691356
793	0.005059755
794	0.005014523
795	0.003071644
796	0.005124813
797	0.008659616
798	0.01432346
799	0.02126923
800	0.03360243
801	0.06583858
802	0.07988407
803	0.09466749
804	0.08335016
805	0.09569816
806	0.10722349999999999
807	0.1187844
808	0.10251500000000001
809	0.0627096
810	0.2347482
811	0.22936030000000002
812	0.21829899999999997
813	0.13102550000000002
814	0.1132404
815	0.07704487
816	0.03051902
817	0.0051581990000000005
818	0.001094623
819	0.00028005959999999997
820	5.056608e-05
821	3.2128409999999996e-05
822	1.7339189999999998e-05
823	1.445076e-05
824	1.168797e-05
825	9.072818e-06
826	6.443619e-06
827	4.188932e-06
828	1.994726e-06
829	1.9283270000000001e-07
830	2.262976e-07
831	6.043016e-06
832	0.0002152897
833	0.0017517589999999999
834	0.01056619
835	0.01777964
836	0.02884483
837	0.03622003
838	0.0416009
839	0.05107506
840	0.03511001
841	0.007414965
842	0.007541588
843	0.009611763
844	0.01085855
845	0.008663015999999999
846	0.009562054
847	0.005689368
848	0.004861748
849	0.01867965
850	0.01306541
851	0.01042635
852	0.005279921999999999
853	0.005349838000000001
854	0.00690981
855	0.018683
856	0.03415678
857	0.04427811
858	0.05385085
859	0.05481542
860	0.07190042
861	0.06432965
862	0.001141272
863	0.0007627399
864	0.0006974443
865	0.0005789482
866	0.004854879
867	0.009476207
868	0.0064938159999999995
869	0.006016954000000001
870	0.0052786940000000004
871	0.004517869
872	0.003654223
873	0.003343502
874	0.002573551
875	0.002418866
876	0.006263724
877	0.01374467
878	0.01459812
879	0.01641059
880	0.02975527
881	0.02934552
882	0.04986071
883	0.05020501
884	0.05691769
885	0.06509245
886	0.07842539999999999
887	0.09365
888	0.1011319
889	0.1117506
890	0.12244000000000001
891	0.07128939999999999
892	0.07799798
893	0.02154597
894	0.02151391
895	0.01431032
896	0.01063623
897	0.0005181898999999999
898	0.0004350347
899	0.008379456
900	0.005248205
901	0.00449976
902	0.003441557
903	0.002767245
904	0.002155463
905	0.001259742
906	0.0006044337
907	9.955233000000001e-05
908	1.07191e-05
909	6.312368000000001e-08
910	1.1152560000000001e-08
911	1.370781e-07
912	5.236477999999999e-07
913	8.631134000000001e-07
914	4.23105e-06
915	1.581049e-05
916	3.947494e-05
917	2.713766e-06
918	3.307728e-06
919	4.481419e-06
920	9.827109e-06
921	0.0004883874
922	3.085347e-05
923	0.0002947474
924	0.0006638699000000001
925	0.01564924
926	0.01549104
927	0.01617747
928	0.01605298
929	0.01687842
930	0.007416046999999999
931	0.009183781
932	0.01848937
933	0.06322567
934	0.08799358
935	0.08678931
936	0.07827034
937	0.04294765
938	0.04297925
939	0.02158198
940	0.02019745
941	0.02111581
942	0.02113336
943	0.02094582
944	0.02701771
945	0.03263966
946	0.04074105
947	0.08313071
948	0.08223447
949	0.08126647
950	0.07719276
951	0.1200731
952	0.1266085
953	0.1492056
954	0.3453305
955	0.33997150000000004
956	0.35460759999999997
957	0.422097
958	0.25651660000000004
959	0.19279649999999998
960	0.1499409
961	0.1119577
962	0.1048407
963	0.04752251
964	0.01506668
965	0.009384013
966	0.00485725
967	0.004021284
968	0.003987185
969	0.00395984
970	6.37341e-05
971	5.1522470000000005e-05
972	3.354292e-05
973	2.6103960000000003e-05
974	3.560805e-05
975	0.0001050658
976	0.0002542535
977	0.0009360732000000001
978	0.0033889759999999997
979	0.005997894
980	0.005099162
981	0.007667868
982	0.005518273000000001
983	0.004999302
984	0.005097482
985	0.005714851
986	0.006774901
987	0.01205493
988	0.02196021
989	0.01971178
990	0.01715341
991	0.01773595
992	0.009760595
993	0.003437715
994	0.003307282
995	0.003591934
996	0.004131444000000001
997	0.005073138
998	0.006033494
999	0.0036150440000000004
1000	0.0036917820000000002
1001	0.001112486
1002	0.0006252801999999999
1003	0.00026326919999999996
1004	0.0002479048
1005	0.0002636979
1006	0.00038275839999999994
1007	0.0003144906
1008	0.001159041
1009	0.0006876947999999999
1010	0.0005871962000000001
1011	0.0005838596
1012	0.0003693997
1013	0.0001860688
1014	2.454018e-05
1015	9.347445e-06
1016	1.039566e-05
1017	2.3265229999999997e-05
1018	6.371556e-05
1019	0.00830141
1020	0.01803925
1021	0.01815213
1022	0.01814571
1023	0.00845886
1024	3.686248e-05
1025	2.640663e-05
1026	2.983229e-05
1027	3.663703e-05
1028	0.0001312822
1029	0.00453832
1030	0.004609078
1031	0.006188611
1032	0.008088334
1033	0.02739342
1034	0.04721362
1035	0.04300864
1036	0.03879862
1037	0.03520409
1038	0.03252426
1039	0.04483282
1040	0.03461171
1041	0.04137804
1042	0.01373295
1043	0.0008763194999999999
1044	0.000121384
1045	9.07468e-06
1046	7.823886e-06
1047	8.000563e-06
1048	6.188671e-06
1049	1.8863970000000002e-07
1050	1.25672e-07
1051	2.5161220000000003e-08
1052	1.693922e-08
1053	1.2437040000000002e-08
1054	1.220457e-08
1055	1.549871e-08
1056	1.138146e-09
1057	9.724696e-09
1058	6.931235999999999e-07
1059	2.247093e-06
1060	2.8025149999999997e-05
1061	2.593887e-05
1062	2.5579789999999998e-05
1063	7.60377e-05
1064	0.0005377847
1065	0.001211101
1066	0.004261404
1067	0.01840752
1068	0.01769184
1069	0.01735572
1070	0.02125245
1071	0.09417819
1072	0.1197828
1073	0.1024144
1074	0.106972
1075	0.11139669999999999
1076	0.11765830000000001
1077	0.1272309
1078	0.05695452
1079	0.05048056
1080	0.02993319
1081	0.03614493
1082	0.06194357
1083	0.0748997
1084	0.06558065
1085	0.05845628
1086	0.05274295
1087	0.02129699
1088	0.02430251
1089	0.01291192
1090	0.0075994240000000005
1091	0.002549271
1092	0.0019082079999999998
1093	0.001402209
1094	0.001136405
1095	0.0009248650999999999
1096	0.0008102592999999999
1097	0.0007891657000000001
1098	0.0008644560000000001
1099	0.0008000042999999999
1100	0.0008570639999999999
1101	0.000911693
1102	0.001936526
1103	0.010887299999999999
1104	0.001217755
1105	0.0003679107
1106	0.0002612173
1107	0.0003791028
1108	0.0002255637
1109	0.0002200713
1110	0.00024342509999999997
1111	0.0001579125
1112	0.0002830415
1113	0.0005162043
1114	0.0007785294000000001
1115	0.0016861620000000002
1116	0.001761682
1117	0.006066513000000001
1118	0.002215134
1119	0.001562451
1120	0.002454545
1121	0.001765661
1122	0.006126067
1123	0.0026604470000000002
1124	0.002201625
1125	0.0008391714
1126	0.0005625189
1127	0.0003212313
1128	0.0007052842
1129	0.006227938000000001
1130	0.0055953209999999995
1131	0.00711642
1132	0.006850093000000001
1133	0.01267315
1134	0.0116348
1135	0.01895311
1136	0.01690312
1137	0.01377132
1138	0.006502248
1139	0.005007657
1140	0.01187075
1141	0.004401118
1142	0.001003815
1143	0.002741905
1144	0.00044991910000000005
1145	0.0005408143
1146	0.000653505
1147	0.0006668122999999999
1148	0.0009300608
1149	0.001226149
1150	0.0001554624
1151	0.00020190209999999999
1152	0.0005927452
1153	0.001144388
1154	0.001704842
1155	0.0001586058
1156	0.0001381881
1157	7.794668000000001e-06
1158	4.266875e-05
1159	8.032831999999999e-05
1160	8.156816e-05
1161	1.355636e-05
1162	2.1685770000000003e-05
1163	3.0389570000000003e-05
1164	0.0018159889999999998
1165	0.001703528
1166	0.00154896
1167	0.00151523
1168	0.001131082
1169	0.0007935869
1170	0.002321919
1171	0.002762288
1172	0.001551916
1173	0.0012944060000000001
1174	0.0007851478999999999
1175	0.0216762
1176	0.02171204
1177	0.000779918
1178	0.000219003
1179	7.806093e-05
1180	6.365111999999999e-05
1181	5.4716669999999995e-05
1182	5.6111619999999995e-05
1183	8.651697e-05
1184	0.0001565513
1185	0.0001530919
1186	0.0001864366
1187	0.0002443468
1188	0.00027113509999999996
1189	0.0003774303
1190	0.000343684
1191	0.0003670217
1192	0.0004143673
1193	0.001110464
1194	0.002272723
1195	0.003428918
1196	0.00459492
1197	0.005985095
1198	0.01245546
1199	0.01644245
1200	0.01862305
1201	0.03094795
1202	0.10661230000000001
1203	0.1230829
1204	0.06392057
1205	0.05842077
1206	0.05667169
1207	0.04712428
1208	0.03182639
1209	0.01938863
1210	0.006151126999999999
1211	0.000293568
1212	8.987425999999999e-05
1213	4.8788009999999995e-05
1214	6.48769e-05
1215	6.151052e-05
1216	0.00014992950000000002
1217	0.0001442611
1218	0.0001981709
1219	0.0002045025
1220	0.0002096523
1221	0.0002328287
1222	0.0001408071
1223	0.0001406602
1224	0.0001410459
1225	0.0015975310000000001
1226	0.001413256
1227	0.0024262
1228	0.002522692
1229	0.00268171
1230	0.002773652
1231	0.00282405
1232	0.002528785
1233	0.002092066
1234	0.002994787
1235	0.001426111
1236	0.0008446196000000001
1237	0.0008172310000000001
1238	0.0007248842
1239	0.0003979958
1240	0.0006450841
1241	0.0006346313
1242	0.0008460825999999999
1243	0.001037239
1244	0.00116571
1245	0.001251994
1246	0.0001201008
1247	0.00012170860000000001
1248	8.487871999999999e-05
1249	6.0389340000000004e-05
1250	4.582412e-05
1251	0.0001232978
1252	0.00010116
1253	9.024197e-05
1254	6.145227e-05
1255	3.45014e-05
1256	0.00018284720000000002
1257	6.279427e-05
1258	0.000211807
1259	0.0001997836
1260	1.0251900000000001e-05
1261	3.218462e-06
1262	7.794146e-06
1263	1.487642e-05
1264	2.358468e-05
1265	1.2663549999999999e-06
1266	1.10301e-06
1267	1.287896e-06
1268	1.496866e-06
1269	1.7650299999999998e-06
1270	7.649444e-08
1271	1.375796e-07
1272	8.981328999999999e-08
1273	3.148689e-08
1274	4.260953e-07
1275	1.6230670000000001e-06
1276	2.410021e-06
1277	2.9754329999999998e-06
1278	7.593274e-06
1279	2.4372889999999998e-05
1280	1.701094e-05
1281	2.063424e-05
1282	0.004515526
1283	0.002098631
1284	1.48351e-05
1285	3.2832129999999996e-05
1286	5.22441e-05
1287	0.00022242720000000002
1288	0.00018345459999999998
1289	0.00017297029999999999
1290	0.0001596904
1291	0.0001688123
1292	0.00014265989999999999
1293	0.0001449326
1294	0.0001867691
1295	0.006869241
1296	0.01975644
1297	0.03223352
1298	0.053316300000000004
1299	0.06381379
1300	0.06859115
1301	0.07860722
1302	0.10017569999999999
1303	0.1317289
1304	0.3237772
1305	0.4289523
1306	0.4494334
1307	0.4555055
1308	0.4790192
1309	0.2257665
1310	0.17057650000000002
1311	0.1499034
1312	0.01909321
1313	0.01770228
1314	0.01703085
1315	0.01454733
1316	0.01317027
1317	0.01053619
1318	0.009006945
1319	0.007847799
1320	0.006925269
1321	0.005388992
1322	0.003978429
1323	0.001106966
1324	0.00016367309999999998
1325	3.199611e-05
1326	0.00013886969999999998
1327	0.0006306832
1328	0.0003856272
1329	0.0004198268
1330	0.0005473251
1331	0.001578468
1332	0.0029523229999999998
1333	0.004229382
1334	0.001530699
1335	0.002839732
1336	0.00474289
1337	0.002043717
1338	0.00195044
1339	0.005201594
1340	0.02138367
1341	0.01645202
1342	0.01034729
1343	0.05148662
1344	0.04578802
1345	0.04052172
1346	0.03527547
1347	0.03003032
1348	0.02771161
1349	0.02270203
1350	0.01680247
1351	0.01133721
1352	0.0061670990000000005
1353	0.001604911
1354	0.000592996
1355	0.0007762956
1356	0.01216674
1357	0.02442756
1358	0.03207629
1359	0.0003181222
1360	3.5741009999999996e-05
1361	2.368547e-05
1362	2.5050029999999998e-05
1363	2.214785e-05
1364	2.2703720000000002e-05
1365	2.075542e-05
1366	2.164807e-05
1367	3.61576e-05
1368	3.43666e-05
1369	9.079115e-05
1370	8.746996e-05
1371	0.0001208239
1372	0.0004843954
1373	0.0007930299000000001
1374	0.002669415
1375	0.0338776
1376	0.0354273
1377	0.01808296
1378	0.01053456
1379	0.020546400000000003
1380	0.01684411
1381	0.0193455
1382	0.01468642
1383	0.01230485
1384	0.01184467
1385	0.002114969
1386	0.001081687
1387	0.0004423351
1388	0.0002199118
1389	0.0001563657
1390	4.861268e-06
1391	2.3705149999999998e-05
1392	3.90466e-06
1393	1.446706e-06
1394	9.357412e-06
1395	9.773248e-06
1396	1.006415e-05
1397	3.73082e-06
1398	3.867073e-06
1399	5.598719e-06
1400	1.344226e-05
1401	1.12798e-05
1402	1.680866e-05
1403	0.00017154049999999998
1404	6.10714e-05
1405	9.855375e-06
1406	1.625912e-05
1407	6.451732e-05
1408	0.0001550958
1409	0.0005055486
1410	4.665717e-05
1411	3.758185e-05
1412	1.884708e-05
1413	5.5728650000000006e-06
1414	3.3179e-06
1415	2.506467e-06
1416	2.130807e-06
1417	3.635322e-06
1418	2.228321e-06
1419	8.798517e-06
1420	3.528792e-06
1421	2.051453e-06
1422	2.578784e-06
1423	2.5723309999999997e-06
1424	3.815568e-06
1425	4.523463e-06
1426	6.046327e-06
1427	9.853071999999999e-06
1428	3.519027e-06
1429	2.8880669999999997e-06
1430	1.4560310000000001e-06
1431	1.479288e-06
1432	1.339184e-06
1433	1.973447e-06
1434	1.6842809999999998e-05
1435	0.0001342399
1436	0.0001177931
1437	0.0005123722
1438	0.00048377120000000004
1439	0.0004599424
1440	0.0002257292
1441	0.00011240530000000001
1442	0.000180915
1443	0.0004466712
1444	0.02384112
1445	0.02394133
1446	0.02423141
1447	0.02393719
1448	0.0006235338
1449	0.0007073994000000001
1450	0.0008525277000000001
1451	0.0002887088
1452	4.9629430000000005e-05
1453	4.386751e-05
1454	4.870526e-05
1455	0.0001548291
1456	0.00017337779999999998
1457	0.0002094848
1458	0.000243681
1459	2.358466e-06
1460	2.9547539999999996e-06
1461	6.334322e-06
1462	1.5716359999999998e-05
1463	0.0001365634
1464	3.37132e-05
1465	1.636637e-05
1466	0.001058089
1467	0.004053224
1468	0.001273568
1469	0.0001624933
1470	0.0001294964
1471	0.0009344938000000001
1472	0.001358845
1473	0.00034853160000000006
1474	0.0005833048
1475	0.00373142
1476	0.0069411690000000005
1477	0.0240503
1478	0.05721532
1479	0.05633668
1480	0.05886657
1481	0.06196498
1482	0.06576272
1483	0.07538260000000001
1484	0.07984457
1485	0.07835896
1486	0.08120779
1487	0.10988510000000001
1488	0.13290829999999998
1489	0.1468856
1490	0.1407098
1491	0.1169503
1492	0.12431860000000002
1493	0.1350003
1494	0.1843277
1495	0.1696034
1496	0.17990820000000002
1497	0.1821376
1498	0.1802661
1499	0.1830147
1500	0.20805949999999998
1501	0.25291820000000004
1502	0.2547653
1503	0.2564676
1504	0.2534677
1505	0.26448190000000005
1506	0.2714493
1507	0.343941
1508	0.5944713
1509	0.6814819999999999
1510	0.6763038
1511	0.7581724
1512	0.7611998000000001
1513	0.7559136
1514	0.7701894
1515	0.7663297
1516	0.7657832
1517	0.6235586999999999
1518	0.46661549999999996
1519	0.1130262
1520	0.10318540000000001
1521	0.07251313
1522	0.05229444
1523	0.05277287
1524	0.0544505
1525	0.0397774
1526	0.03870611
1527	0.01610251
1528	0.01579923
1529	0.01528165
1530	0.014980600000000002
1531	0.01512138
1532	0.01512093
1533	0.01661109
1534	0.006593371
1535	0.006661224
1536	0.02071901
1537	0.02465566
1538	0.03168901
1539	0.030898200000000004
1540	0.03033052
1541	0.06065673
1542	0.05646163
1543	0.05508517
1544	0.1050972
1545	0.1109007
1546	0.1098146
1547	0.10673160000000001
1548	0.11217169999999999
1549	0.1181368
1550	0.1289963
1551	0.10429110000000001
1552	0.194231
1553	0.28809559999999995
1554	0.28805549999999996
1555	0.2740547
1556	0.2981493
1557	0.1830727
1558	0.1843098
1559	0.188877
1560	0.1974072
1561	0.09258777
1562	0.06201014
1563	0.0059068340000000006
1564	0.004451737
1565	0.0030976859999999997
1566	0.002887315
1567	0.0017150470000000001
1568	0.002119485
1569	0.001895952
1570	0.001858219
1571	0.002551308
1572	0.002520129
1573	0.0028099929999999998
1574	0.002791433
1575	0.002747525
1576	0.0026258970000000003
1577	0.004000399
1578	0.007908046
1579	0.2551452
1580	0.2527166
1581	0.1006059
1582	0.09089446
1583	0.09696379
1584	0.08140848
1585	0.1053536
1586	0.10613139999999999
1587	0.03676414
1588	0.02960084
1589	0.026403700000000002
1590	0.02494301
1591	0.02336064
1592	0.02175784
1593	0.03274899
1594	0.03220307
1595	0.02842847
1596	0.02652339
1597	0.02094214
1598	0.01853078
1599	0.01966176
1600	0.01735839
1601	0.01747016
1602	0.002637439
1603	0.0016836289999999999
1604	0.01509557
1605	0.001469996
1606	0.001487263
1607	0.001589529
1608	0.0016979329999999998
1609	0.001922301
1610	0.0020040920000000003
1611	0.00235952
1612	0.003369087
1613	0.004799134
1614	0.0001765437
1615	0.00016245379999999999
1616	0.00016244540000000002
1617	0.0002942553
1618	0.0003723412
1619	0.001127489
1620	0.0003495924
1621	0.001210289
1622	0.001016815
1623	0.000953245
1624	0.001021677
1625	0.0009607467999999999
1626	0.000770026
1627	0.0006134787
1628	0.0003442685
1629	0.000307397
1630	0.0006960092
1631	0.0007117096
1632	0.001032019
1633	0.02011091
1634	0.02117116
1635	0.02355208
1636	0.02996329
1637	0.01731167
1638	0.01397808
1639	0.007230166999999999
1640	0.00644056
1641	0.004797865
1642	0.008141737
1643	0.01216908
1644	0.01699099
1645	0.01491345
1646	0.009874204000000001
1647	0.008421104
1648	0.004922953
1649	0.006620549
1650	0.008653461
1651	0.01059415
1652	0.01253892
1653	0.01515655
1654	0.0003462808
1655	0.00027507869999999997
1656	0.0002056116
1657	0.0002471025
1658	0.000211082
1659	0.0001282682
1660	0.00017060279999999998
1661	0.00018203270000000002
1662	0.0001947548
1663	0.001933685
1664	0.00132676
1665	0.01208829
1666	0.009907
1667	0.008535527
1668	0.0021846
1669	0.0011679589999999999
1670	0.0008799874000000001
1671	0.0006500007
1672	0.0005332113
1673	0.0004121563
1674	0.0002975505
1675	0.00023344459999999998
1676	0.0002087269
1677	0.0002059591
1678	0.00015842420000000001
1679	0.0003494453
1680	0.0002284974
1681	9.59927e-05
1682	8.448256e-05
1683	0.00038221
1684	0.0006285606
1685	0.0009243783999999999
1686	0.00156792
1687	0.0027129309999999996
1688	0.0051460329999999995
1689	0.006879936999999999
1690	7.371258e-05
1691	1.4263629999999999e-05
1692	1.18045e-05
1693	7.385816e-06
1694	8.237391e-06
1695	1.757754e-05
1696	2.1197739999999998e-05
1697	2.327076e-05
1698	2.2858789999999998e-05
1699	2.455922e-05
1700	2.825341e-05
1701	6.103564999999999e-05
1702	0.0002230739
1703	0.01619903
1704	0.007493631999999999
1705	0.0033574459999999996
1706	0.02428484
1707	0.01884201
1708	0.01331534
1709	0.006692654
1710	0.001339355
1711	0.001075245
1712	0.0006687533
1713	0.001247221
1714	0.001234698
1715	0.001082382
1716	0.0010173930000000001
1717	0.0010024539999999998
1718	0.0003508801
1719	0.0002995888
1720	0.00016756
1721	7.623529000000001e-05
1722	0.000163329
1723	0.0003446727
1724	0.0007709128
1725	0.0009660042
1726	0.0005452197
1727	0.0006024662
1728	0.0007214885
1729	4.998512e-05
1730	4.782457e-05
1731	5.087206e-05
1732	5.912495e-05
1733	6.143668e-05
1734	8.363735000000001e-05
1735	0.0001484884
1736	0.0001600945
1737	0.000299409
1738	0.008712817
1739	0.01155155
1740	0.01089543
1741	0.01414678
1742	0.07925776
1743	0.09149044
1744	0.09030363
1745	0.08539594
1746	0.07767984
1747	0.03246518
1748	0.03117553
1749	0.02878772
1750	0.04529942
1751	0.15271429999999997
1752	0.15775920000000002
1753	0.0639442
1754	0.04485266
1755	0.05068199
1756	0.05548701
1757	0.06091717
1758	0.06677985
1759	0.0729393
1760	0.07783627
1761	0.08777022
1762	0.01484004
1763	0.0006519555
1764	0.00047494480000000004
1765	0.0003611147
1766	0.008860733
1767	0.0038010970000000002
1768	0.001612816
1769	0.001494012
1770	0.001271697
1771	0.0009759266
1772	0.0008344028
1773	0.0007514902999999999
1774	0.00046094230000000004
1775	0.0002377959
1776	5.539011e-05
1777	0.0006045767
1778	0.00120921
1779	0.00220657
1780	0.0060511259999999996
1781	0.01958187
1782	0.08317842
1783	0.07890439
1784	0.08306429
1785	0.0930188
1786	0.10291889999999998
1787	0.1113797
1788	0.12465539999999999
1789	0.13856329999999997
1790	0.2544837
1791	0.582922
1792	0.577113
1793	0.5604175
1794	0.5436616999999999
1795	0.5432518
1796	0.3728962
1797	0.3176483
1798	0.08063766
1799	0.04571754
1800	0.02598007
1801	0.01335866
1802	0.003105128
1803	0.002001007
1804	0.001594335
1805	0.0013412220000000002
1806	0.0010991619999999999
1807	0.0009695794000000001
1808	0.0006531163
1809	0.0003330607
1810	0.0001948751
1811	0.0001708329
1812	0.0001837766
1813	0.00023632700000000002
1814	0.0004225115
1815	0.009526799999999998
1816	0.02798147
1817	0.6359511999999999
1818	0.6530944000000001
1819	0.6679964
1820	0.6825348000000001
1821	0.6968615
1822	0.1210435
1823	0.1283621
1824	0.16476870000000002
1825	0.2471896
1826	0.25070010000000004
1827	0.251445
1828	0.22025
1829	0.2303868
1830	0.04608082
1831	0.04098785
1832	0.03871161
1833	0.02005106
1834	0.01832115
1835	0.01739753
1836	0.01671342
1837	0.01581694
1838	0.01546728
1839	0.01565263
1840	0.02140358
1841	0.06847678
1842	0.06918239999999999
1843	0.06313713
1844	0.05783034
1845	0.05379288
1846	0.05051565
1847	0.05700771
1848	0.8222002
1849	0.8130516
1850	0.7983104999999999
1851	0.8089246
1852	0.7814816
1853	0.05304217
1854	0.04098424
1855	0.03241108
1856	0.02372804
1857	0.0035233309999999998
1858	0.0028374359999999996
1859	1.691777e-05
1860	7.559906999999999e-06
1861	7.1546609999999994e-06
1862	7.361807e-06
1863	7.73659e-06
1864	7.544371e-06
1865	8.024786e-06
1866	9.050061e-06
1867	8.451998e-06
1868	7.1018669999999994e-06
1869	7.689522e-06
1870	1.2067750000000001e-05
1871	0.0001412
1872	0.0002511498
1873	0.002953188
1874	0.009182924
1875	0.01764143
1876	0.03038596
1877	0.03814673
1878	0.04275372
1879	0.03298705
1880	0.01942433
1881	0.005064021
1882	0.002133337
1883	0.003208297
1884	0.07119906
1885	0.06458148
1886	0.04152782
1887	0.02445127
1888	0.02042665
1889	0.01749954
1890	0.0150999
1891	0.01268348
1892	0.01032759
1893	0.008107821999999999
1894	0.006078704
1895	0.005098419
1896	0.006801219
1897	0.009729932
1898	0.01230172
1899	0.00120456
1900	0.0009110723
1901	0.001100639
1902	0.0013600110000000002
1903	0.00015737110000000002
1904	5.0911720000000006e-06
1905	1.3205940000000002e-06
1906	1.1503360000000002e-06
1907	9.052403000000001e-07
1908	7.03485e-07
1909	6.805783e-07
1910	5.747382e-07
1911	5.119745000000001e-07
1912	4.248757e-07
1913	1.291309e-06
1914	2.312315e-06
1915	3.469814e-06
1916	6.338683e-06
1917	2.835758e-05
1918	0.003176488
1919	0.0358091
1920	0.04716515
1921	0.05852848
1922	0.07351054
1923	0.09925232
1924	0.05506448
1925	0.04486749
1926	0.06023953
1927	0.001709466
1928	0.0011327260000000001
1929	0.008821233000000001
1930	0.0031025159999999996
1931	0.001376048
1932	0.0007982719
1933	0.0005489652
1934	0.0004404655
1935	0.0003457514
1936	0.0003044005
1937	0.0002521099
1938	0.00019896259999999997
1939	0.000149802
1940	0.0001051745
1941	8.290608e-05
1942	0.00018076180000000001
1943	0.0003513001
1944	0.00036393360000000003
1945	0.0005173168
1946	0.005962359
1947	0.01710263
1948	0.02914682
1949	0.04152199
1950	0.05345339
1951	0.06419637
1952	0.01780973
1953	0.02708984
1954	0.03751834
1955	0.04563231
1956	0.04362653
1957	0.0067432180000000005
1958	0.001133985
1959	0.0022850279999999997
1960	0.0030926029999999998
1961	0.003020595
1962	0.002729976
1963	0.0019481079999999998
1964	0.0019670720000000003
1965	0.03393823
1966	0.04493952
1967	0.04837111
1968	0.1191406
1969	0.1045698
1970	0.08990619
1971	0.07540327
1972	0.06091941
1973	0.04648001
1974	0.03231756
1975	0.01822983
1976	0.005942654
1977	0.0009706086
1978	9.142457e-05
1979	9.145059000000001e-05
1980	9.144268e-05
1981	0.00133197
1982	0.009166538
1983	0.01750778
1984	0.02267664
1985	0.01518367
1986	0.0015366870000000001
1987	0.001269285
1988	0.001521225
1989	4.658751e-05
1990	2.710528e-06
1991	8.914209e-07
1992	1.0569280000000001e-05
1993	2.3496789999999998e-06
1994	2.237984e-06
1995	2.2127240000000002e-06
1996	3.1811020000000004e-06
1997	3.2409980000000003e-06
1998	2.6452740000000005e-05
1999	0.0002138245
2000	0.0005625313
2001	0.0007918367999999999
2002	0.000844475
2003	0.001136017
2004	0.04889798
2005	0.05608879
2006	0.09448758
2007	0.02858148
2008	0.01373993
2009	0.001852937
2010	0.0001503614
2011	0.0001004144
2012	6.70589e-05
2013	3.342925e-05
2014	7.187497e-05
2015	0.002732853
2016	0.005735552
2017	0.008465346
2018	0.01149573
2019	0.01457394
2020	0.02011812
2021	0.02499255
2022	0.02999031
2023	0.03481632
2024	0.07784531
2025	0.08462641
2026	0.09497272
2027	0.1245059
2028	0.13432660000000002
2029	0.1348868
2030	0.1548486
2031	0.17602089999999998
2032	0.1138984
2033	0.10070069999999999
2034	0.08993956
2035	0.1386302
2036	0.1317553
2037	0.06219197
2038	0.04569081
2039	0.03256619
2040	0.006278961
2041	0.001844691
2042	6.028901999999999e-05
2043	1.956109e-05
2044	4.1469009999999994e-06
2045	4.094795e-06
2046	5.044112e-06
2047	2.074243e-05
2048	1.3555129999999999e-05
2049	1.973606e-05
2050	3.254138e-05
2051	4.755379e-05
2052	8.171954000000001e-07
2053	3.95732e-07
2054	9.530359e-07
2055	4.872225e-05
2056	7.409623e-05
2057	0.0001401306
2058	0.01243502
2059	0.0067009240000000005
2060	0.003352395
2061	0.0016101520000000001
2062	0.001204497
2063	0.0008413671
2064	0.0008346886
2065	0.0007229612
2066	0.0009880428999999998
2067	0.00668227
2068	0.00265048
2069	0.0001754762
2070	0.0001235965
2071	3.344032e-06
2072	1.876899e-06
2073	1.975819e-06
2074	3.140077e-06
2075	2.525609e-06
2076	2.3186870000000002e-07
2077	1.980872e-07
2078	2.219981e-07
2079	2.414731e-07
2080	2.6509690000000004e-07
2081	2.8040500000000003e-07
2082	5.647688e-08
2083	6.75636e-07
2084	2.031028e-06
2085	6.280038000000001e-05
2086	0.0003070293
2087	0.00128687
2088	0.0014519160000000001
2089	0.0007594686
2090	0.0006625033
2091	0.005636451
2092	0.01070267
2093	0.007347293
2094	0.004532829
2095	0.002177049
2096	0.00010435360000000001
2097	8.740421e-06
2098	9.640858e-06
2099	1.1910999999999998e-05
2100	1.209615e-05
2101	1.2648589999999999e-05
2102	1.593684e-05
2103	3.5069929999999996e-05
2104	4.9543990000000005e-05
2105	5.603011e-05
2106	0.001169808
2107	0.01263447
2108	0.03383153
2109	0.06140876
2110	0.07685556
2111	0.1605471
2112	0.1651064
2113	0.1721963
2114	0.1707847
2115	0.1802895
2116	0.1344016
2117	0.145253
2118	0.22562649999999998
2119	0.210486
2120	0.2739062
2121	0.32618600000000003
2122	0.3347658
2123	0.33774679999999996
2124	0.22699789999999997
2125	0.11781289999999998
2126	0.0489694
2127	0.03647464
2128	0.03441607
2129	0.03218917
2130	0.0303916
2131	0.02839969
2132	0.02516696
2133	0.01804516
2134	0.01081251
2135	0.008365294
2136	0.005147558
2137	0.003525828
2138	0.0017418079999999999
2139	0.0008985986
2140	0.0003992357
2141	0.0009054089
2142	0.002824365
2143	0.00042267790000000003
2144	0.0002088175
2145	0.0001283647
2146	0.0001054711
2147	8.017996999999999e-05
2148	6.752286999999999e-05
2149	5.145748e-05
2150	1.671609e-05
2151	3.567564e-06
2152	3.5455739999999997e-06
2153	3.762311e-06
2154	2.118655e-06
2155	3.370024e-06
2156	6.264047000000001e-06
2157	1.146148e-05
2158	1.661145e-05
2159	2.02629e-05
2160	8.398482e-06
2161	1.2250789999999999e-05
2162	9.871081e-05
2163	0.0002691716
2164	0.0001803932
2165	0.00036687730000000004
2166	5.983425e-05
2167	3.131351e-05
2168	0.0001347693
2169	0.00031145470000000004
2170	0.0001366692
2171	0.0001198977
2172	9.428107e-05
2173	0.00020605259999999999
2174	0.00019400639999999999
2175	0.0003051088
2176	0.00047697690000000003
2177	0.0002873525
2178	0.00011829459999999999
2179	3.296985e-05
2180	1.667877e-06
2181	2.474812e-06
2182	6.414652e-06
2183	6.623112e-06
2184	0.0002111015
2185	0.00020643419999999998
2186	1.882373e-05
2187	2.2096309999999998e-05
2188	3.0945790000000004e-05
2189	5.2214719999999995e-05
2190	7.243073e-05
2191	0.0001014289
2192	0.000132798
2193	0.0006439023999999999
2194	0.007240886
2195	0.01347364
2196	0.02064659
2197	0.02837333
2198	0.03368521
2199	0.04112157
2200	0.05337588
2201	0.08440662
2202	0.09967927
2203	0.1239229
2204	0.1851872
2205	0.1970674
2206	0.2626506
2207	0.2750614
2208	0.3196901
2209	0.34798190000000007
2210	0.39238740000000005
2211	0.4300454000000001
2212	0.4263055
2213	0.43528779999999995
2214	0.4128179
2215	0.4136255999999999
2216	0.3887163
2217	0.3922636
2218	0.3843758
2219	0.3883241
2220	0.3943824
2221	0.39743190000000006
2222	0.3701741
2223	0.3661864
2224	0.36141540000000005
2225	0.31161679999999997
2226	0.3082843
2227	0.2892209
2228	0.278958
2229	0.05690948
2230	0.04554287
2231	0.04042452
2232	0.03364286
2233	0.02716644
2234	0.02265689
2235	0.02069509
2236	0.018797
2237	0.01804637
2238	0.01781855
2239	0.01841748
2240	0.01977635
2241	0.02009518
2242	0.02552179
2243	0.03569216
2244	0.05376678
2245	0.06404731
2246	0.007569841
2247	0.006728213
2248	0.008132451
2249	0.02280813
2250	0.0059800109999999995
2251	0.003364496
2252	0.0003679685
2253	5.570679e-05
2254	2.0555709999999998e-05
2255	7.079056e-06
2256	6.592199000000001e-06
2257	7.4514750000000005e-06
2258	6.943107e-06
2259	6.6289679999999995e-06
2260	2.6679209999999998e-05
2261	4.564318e-05
2262	7.121911e-05
2263	0.00017302900000000003
2264	0.0006416756
2265	0.001648583
2266	0.003061322
2267	0.004201992
2268	0.006243254
2269	0.02052232
2270	0.11142339999999999
2271	0.10247069999999998
2272	0.08484366
2273	0.07612221
2274	0.07222896
2275	0.06626099
2276	0.07066323
2277	0.06276519
2278	0.05679343
2279	0.04590495
2280	0.03112447
2281	0.02340069
2282	0.02469836
2283	0.02540029
2284	0.02524956
2285	0.02533817
2286	0.02937859
2287	0.02601218
2288	0.02660178
2289	0.02451524
2290	0.0250544
2291	0.04757824
2292	0.05029548
2293	0.05264996
2294	0.05085975
2295	0.05683446
2296	0.05188968
2297	0.04989141
2298	0.05678856
2299	0.04897501
2300	0.04642107
2301	0.00597082
2302	0.005381999
2303	0.004961649
2304	0.004194027
2305	0.0026990720000000003
2306	0.0014289220000000002
2307	0.001166277
2308	0.0009064575999999999
2309	0.0024743639999999997
2310	0.002258973
2311	0.0002839295
2312	0.0001345387
2313	5.278147e-05
2314	3.622677e-05
2315	4.694575e-05
2316	4.275107e-05
2317	9.843068000000001e-05
2318	0.00024993419999999996
2319	0.001206461
2320	0.0017959120000000002
2321	0.001626112
2322	0.002049342
2323	0.002084917
2324	0.002522748
2325	0.003892058
2326	0.007306526999999999
2327	0.01787107
2328	0.01480672
2329	0.01021816
2330	0.009126716
2331	0.008691654
2332	0.016926499999999997
2333	0.02153619
2334	0.02026839
2335	0.01823703
2336	0.01702299
2337	0.003142373
2338	0.0005851113
2339	0.0006128011
2340	0.0006662705
2341	0.0007882903
2342	0.0008435944000000001
2343	0.0008976081
2344	0.001540312
2345	0.004886645
2346	0.005288709
2347	0.0067112280000000005
2348	0.007465473
2349	0.02276201
2350	0.04089567
2351	0.03494301
2352	0.04033577
2353	0.03933809
2354	0.038787699999999994
2355	0.04501744
2356	0.040056
2357	0.03632233
2358	0.03187609
2359	0.00382425
2360	0.004067935999999999
2361	0.0051735209999999995
2362	0.005998860999999999
2363	0.008955493
2364	0.01000903
2365	0.008946797
2366	0.008741331
2367	0.009960208
2368	0.01107149
2369	0.01069174
2370	0.008074321
2371	0.008385249000000001
2372	0.008744115
2373	0.005611609
2374	0.008252238
2375	0.009840029
2376	0.0006842014
2377	0.0005608311000000001
2378	0.0008547372
2379	0.01277349
2380	0.04393969
2381	0.03839356
2382	0.04182152
2383	0.0341946
2384	0.0233727
2385	0.01353201
2386	0.00852509
2387	0.006837955
2388	0.0053386580000000005
2389	0.004260293
2390	0.003008034
2391	0.001948461
2392	0.00105202
2393	0.001245321
2394	0.002494915
2395	0.004223841
2396	0.005915274
2397	0.007878118
2398	0.01064251
2399	0.01270445
2400	0.01611037
2401	0.01953714
2402	0.01392155
2403	0.01586214
2404	0.02433699
2405	0.03664667
2406	0.03576054
2407	0.03549781
2408	0.02645665
2409	0.00982076
2410	0.04585248
2411	0.02165906
2412	0.03672096
2413	0.03198544
2414	0.02132904
2415	0.02119915
2416	0.01992628
2417	0.02099865
2418	0.01081124
2419	0.00812737
2420	0.006617928
2421	0.00576782
2422	0.0031288690000000003
2423	0.002190702
2424	0.001650754
2425	0.0009336825999999999
2426	0.00042650129999999997
2427	0.0004154384
2428	0.0006057696
2429	0.0004371135
2430	0.0004058249
2431	0.0003405021
2432	0.00025744900000000004
2433	0.0002220901
2434	0.0001900939
2435	0.0001579733
2436	0.0001458846
2437	0.0002279966
2438	0.0001849974
2439	0.00016683150000000002
2440	0.0012947430000000001
2441	0.001640711
2442	0.0017645920000000002
2443	0.001850834
2444	0.0029776629999999998
2445	0.0035396790000000004
2446	0.01458799
2447	0.01502778
2448	0.01558258
2449	0.00735893
2450	0.006527341
2451	0.024926499999999997
2452	0.005808806999999999
2453	0.05819412
2454	0.02918295
2455	0.02065644
2456	0.06081305
2457	0.3379913
2458	0.32853059999999995
2459	0.30733979999999994
2460	0.349485
2461	0.4612877
2462	0.43599799999999994
2463	0.4062533
2464	0.39151640000000004
2465	0.3803249
2466	0.3825323
2467	0.3815377
2468	0.3533423
2469	0.34782240000000003
2470	0.3538525
2471	0.3838216
2472	0.4160288
2473	0.4218367
